0		0	0		3	1	1803
1		0	1		3	0	1624
2		0	2		3	1	1802
3		0	3		3	0	1625
4		0	4		3	1	1801
5		0	5		3	0	1626
6		0	6		3	1	1800
7		0	7		3	0	1627
8		0	8		3	1	1799
9		0	9		3	0	1628
10		0	10		3	1	1798
11		0	11		3	0	1629
12		0	12		3	1	1797
13		0	13		3	0	1630
14		0	14		3	1	1796
15		0	15		3	1	1795
16		0	16		3	1	1794
17		0	17		3	1	1793
18		0	18		3	0	1633
19		0	19		3	1	1792
20		0	20		3	0	1634
21		0	21		3	1	1791
22		0	22		3	0	1635
23		0	23		3	1	1790
24		0	24		3	0	1636
25		0	25		3	1	1789
26		0	26		3	0	1637
27		0	27		3	1	1788
28		0	28		3	0	1638
29		0	29		3	1	1787
30		0	30		3	0	1639
31		0	31		3	1	1786
32		0	32		3	0	1631
33		0	33		3	2	2032
34		0	34		3	2	2033
35		0	35		3	2	2030
36		0	36		3	2	2031
37		0	37		3	2	2028
38		0	38		3	2	2029
39		0	39		3	2	2026
40		0	40		3	2	2027
41		0	41		3	2	2024
42		0	42		3	2	2025
43		0	43		3	2	2022
44		0	44		3	2	2023
45		0	45		3	2	2020
46		0	46		3	2	2021
47		0	47		3	0	1623
48		0	48		3	0	1640
49		0	49		3	2	2046
50		0	50		3	2	2047
51		0	51		3	2	2044
52		0	52		3	2	2045
53		0	53		3	2	2042
54		0	54		3	2	2043
55		0	55		3	2	2040
56		0	56		3	2	2041
57		0	57		3	2	2038
58		0	58		3	2	2039
59		0	59		3	2	2036
60		0	60		3	2	2037
61		0	61		3	2	2034
62		0	62		3	2	2035
63		0	63		3	0	1632
64		0	64		3	1	1812
65		0	65		3	1	1811
66		0	66		3	0	1615
67		0	67		3	1	1810
68		0	68		3	0	1616
69		0	69		3	1	1809
70		0	70		3	0	1617
71		0	71		3	1	1808
72		0	72		3	0	1618
73		0	73		3	1	1807
74		0	74		3	0	1619
75		0	75		3	1	1806
76		0	76		3	0	1620
77		0	77		3	1	1805
78		0	78		3	0	1621
79		0	79		3	1	1804
80		0	80		3	1	1821
81		0	81		3	0	1606
82		0	82		3	1	1820
83		0	83		3	0	1607
84		0	84		3	1	1819
85		0	85		3	0	1608
86		0	86		3	1	1818
87		0	87		3	0	1609
88		0	88		3	1	1817
89		0	89		3	0	1610
90		0	90		3	1	1816
91		0	91		3	0	1611
92		0	92		3	1	1815
93		0	93		3	0	1612
94		0	94		3	1	1814
95		0	95		3	1	1813
96		0	96		3	0	1622
97		0	97		3	2	2018
98		0	98		3	2	2019
99		0	99		3	2	2016
100		0	100		3	2	2017
101		0	101		3	2	2014
102		0	102		3	2	2015
103		0	103		3	2	2012
104		0	104		3	2	2013
105		0	105		3	2	2010
106		0	106		3	2	2011
107		0	107		3	2	2008
108		0	108		3	2	2009
109		0	109		3	2	2006
110		0	110		3	2	2007
111		0	111		3	0	1614
112		0	112		3	0	1613
113		0	113		3	2	2004
114		0	114		3	2	2005
115		0	115		3	2	2002
116		0	116		3	2	2003
117		0	117		3	2	2000
118		0	118		3	2	2001
119		0	119		3	2	1998
120		0	120		3	2	1999
121		0	121		3	2	1996
122		0	122		3	2	1997
123		0	123		3	2	1994
124		0	124		3	2	1995
125		0	125		3	2	1992
126		0	126		3	2	1993
127		0	127		3	0	1605
128		1	0		3	1	1767
129		1	1		3	0	1660
130		1	2		3	1	1766
131		1	3		3	0	1661
132		1	4		3	1	1765
133		1	5		3	0	1662
134		1	6		3	1	1764
135		1	7		3	0	1663
136		1	8		3	1	1763
137		1	9		3	0	1664
138		1	10		3	1	1762
139		1	11		3	0	1665
140		1	12		3	1	1761
141		1	13		3	0	1666
142		1	14		3	1	1760
143		1	15		3	1	1759
144		1	16		3	1	1758
145		1	17		3	1	1757
146		1	18		3	0	1669
147		1	19		3	1	1756
148		1	20		3	0	1670
149		1	21		3	1	1755
150		1	22		3	0	1671
151		1	23		3	1	1754
152		1	24		3	0	1672
153		1	25		3	1	1753
154		1	26		3	0	1673
155		1	27		3	1	1752
156		1	28		3	0	1674
157		1	29		3	1	1751
158		1	30		3	0	1675
159		1	31		3	1	1750
160		1	32		3	0	1667
161		1	33		3	2	1976
162		1	34		3	2	1977
163		1	35		3	2	1974
164		1	36		3	2	1975
165		1	37		3	2	1972
166		1	38		3	2	1973
167		1	39		3	2	1970
168		1	40		3	2	1971
169		1	41		3	2	1968
170		1	42		3	2	1969
171		1	43		3	2	1966
172		1	44		3	2	1967
173		1	45		3	2	1964
174		1	46		3	2	1965
175		1	47		3	0	1659
176		1	48		3	0	1676
177		1	49		3	2	1990
178		1	50		3	2	1991
179		1	51		3	2	1988
180		1	52		3	2	1989
181		1	53		3	2	1986
182		1	54		3	2	1987
183		1	55		3	2	1984
184		1	56		3	2	1985
185		1	57		3	2	1982
186		1	58		3	2	1983
187		1	59		3	2	1980
188		1	60		3	2	1981
189		1	61		3	2	1978
190		1	62		3	2	1979
191		1	63		3	0	1668
192		1	64		3	1	1776
193		1	65		3	1	1775
194		1	66		3	0	1651
195		1	67		3	1	1774
196		1	68		3	0	1652
197		1	69		3	1	1773
198		1	70		3	0	1653
199		1	71		3	1	1772
200		1	72		3	0	1654
201		1	73		3	1	1771
202		1	74		3	0	1655
203		1	75		3	1	1770
204		1	76		3	0	1656
205		1	77		3	1	1769
206		1	78		3	0	1657
207		1	79		3	1	1768
208		1	80		3	1	1785
209		1	81		3	0	1642
210		1	82		3	1	1784
211		1	83		3	0	1643
212		1	84		3	1	1783
213		1	85		3	0	1644
214		1	86		3	1	1782
215		1	87		3	0	1645
216		1	88		3	1	1781
217		1	89		3	0	1646
218		1	90		3	1	1780
219		1	91		3	0	1647
220		1	92		3	1	1779
221		1	93		3	0	1648
222		1	94		3	1	1778
223		1	95		3	1	1777
224		1	96		3	0	1658
225		1	97		3	2	1962
226		1	98		3	2	1963
227		1	99		3	2	1960
228		1	100		3	2	1961
229		1	101		3	2	1958
230		1	102		3	2	1959
231		1	103		3	2	1956
232		1	104		3	2	1957
233		1	105		3	2	1954
234		1	106		3	2	1955
235		1	107		3	2	1952
236		1	108		3	2	1953
237		1	109		3	2	1950
238		1	110		3	2	1951
239		1	111		3	0	1650
240		1	112		3	0	1649
241		1	113		3	2	1948
242		1	114		3	2	1949
243		1	115		3	2	1946
244		1	116		3	2	1947
245		1	117		3	2	1944
246		1	118		3	2	1945
247		1	119		3	2	1942
248		1	120		3	2	1943
249		1	121		3	2	1940
250		1	122		3	2	1941
251		1	123		3	2	1938
252		1	124		3	2	1939
253		1	125		3	2	1936
254		1	126		3	2	1937
255		1	127		3	0	1641
256		2	0		3	1	1731
257		2	1		3	0	1552
258		2	2		3	1	1730
259		2	3		3	0	1553
260		2	4		3	1	1729
261		2	5		3	0	1554
262		2	6		3	1	1728
263		2	7		3	0	1555
264		2	8		3	1	1727
265		2	9		3	0	1556
266		2	10		3	1	1726
267		2	11		3	0	1557
268		2	12		3	1	1725
269		2	13		3	0	1558
270		2	14		3	1	1724
271		2	15		3	1	1723
272		2	16		3	1	1722
273		2	17		3	1	1721
274		2	18		3	0	1561
275		2	19		3	1	1720
276		2	20		3	0	1562
277		2	21		3	1	1719
278		2	22		3	0	1563
279		2	23		3	1	1718
280		2	24		3	0	1564
281		2	25		3	1	1717
282		2	26		3	0	1565
283		2	27		3	1	1716
284		2	28		3	0	1566
285		2	29		3	1	1715
286		2	30		3	0	1567
287		2	31		3	1	1714
288		2	32		3	0	1559
289		2	33		3	2	1839
290		2	34		3	2	1838
291		2	35		3	2	1841
292		2	36		3	2	1840
293		2	37		3	2	1843
294		2	38		3	2	1842
295		2	39		3	2	1845
296		2	40		3	2	1844
297		2	41		3	2	1847
298		2	42		3	2	1846
299		2	43		3	2	1849
300		2	44		3	2	1848
301		2	45		3	2	1851
302		2	46		3	2	1850
303		2	47		3	0	1551
304		2	48		3	0	1568
305		2	49		3	2	1825
306		2	50		3	2	1824
307		2	51		3	2	1827
308		2	52		3	2	1826
309		2	53		3	2	1829
310		2	54		3	2	1828
311		2	55		3	2	1831
312		2	56		3	2	1830
313		2	57		3	2	1833
314		2	58		3	2	1832
315		2	59		3	2	1835
316		2	60		3	2	1834
317		2	61		3	2	1837
318		2	62		3	2	1836
319		2	63		3	0	1560
320		2	64		3	1	1740
321		2	65		3	1	1739
322		2	66		3	0	1543
323		2	67		3	1	1738
324		2	68		3	0	1544
325		2	69		3	1	1737
326		2	70		3	0	1545
327		2	71		3	1	1736
328		2	72		3	0	1546
329		2	73		3	1	1735
330		2	74		3	0	1547
331		2	75		3	1	1734
332		2	76		3	0	1548
333		2	77		3	1	1733
334		2	78		3	0	1549
335		2	79		3	1	1732
336		2	80		3	1	1749
337		2	81		3	0	1678
338		2	82		3	1	1748
339		2	83		3	0	1679
340		2	84		3	1	1747
341		2	85		3	0	1536
342		2	86		3	1	1746
343		2	87		3	0	1537
344		2	88		3	1	1745
345		2	89		3	0	1538
346		2	90		3	1	1744
347		2	91		3	0	1539
348		2	92		3	1	1743
349		2	93		3	0	1540
350		2	94		3	1	1742
351		2	95		3	1	1741
352		2	96		3	0	1550
353		2	97		3	2	1853
354		2	98		3	2	1852
355		2	99		3	2	1855
356		2	100		3	2	1854
357		2	101		3	2	1857
358		2	102		3	2	1856
359		2	103		3	2	1859
360		2	104		3	2	1858
361		2	105		3	2	1861
362		2	106		3	2	1860
363		2	107		3	2	1863
364		2	108		3	2	1862
365		2	109		3	2	1865
366		2	110		3	2	1864
367		2	111		3	0	1542
368		2	112		3	0	1541
369		2	113		3	2	1867
370		2	114		3	2	1866
371		2	115		3	2	1869
372		2	116		3	2	1868
373		2	117		3	2	1871
374		2	118		3	2	1870
375		2	119		3	2	1873
376		2	120		3	2	1872
377		2	121		3	2	1875
378		2	122		3	2	1874
379		2	123		3	2	1877
380		2	124		3	2	1876
381		2	125		3	2	1879
382		2	126		3	2	1878
383		2	127		3	0	1677
384		3	0		3	1	1695
385		3	1		3	0	1588
386		3	2		3	1	1694
387		3	3		3	0	1589
388		3	4		3	1	1693
389		3	5		3	0	1590
390		3	6		3	1	1692
391		3	7		3	0	1591
392		3	8		3	1	1691
393		3	9		3	0	1592
394		3	10		3	1	1690
395		3	11		3	0	1593
396		3	12		3	1	1689
397		3	13		3	0	1594
398		3	14		3	1	1688
399		3	15		3	1	1687
400		3	16		3	1	1686
401		3	17		3	1	1685
402		3	18		3	0	1597
403		3	19		3	1	1684
404		3	20		3	0	1598
405		3	21		3	1	1683
406		3	22		3	0	1599
407		3	23		3	1	1682
408		3	24		3	0	1600
409		3	25		3	1	1681
410		3	26		3	0	1601
411		3	27		3	1	1680
412		3	28		3	0	1602
413		3	29		3	1	1823
414		3	30		3	0	1603
415		3	31		3	1	1822
416		3	32		3	0	1595
417		3	33		3	2	1895
418		3	34		3	2	1894
419		3	35		3	2	1897
420		3	36		3	2	1896
421		3	37		3	2	1899
422		3	38		3	2	1898
423		3	39		3	2	1901
424		3	40		3	2	1900
425		3	41		3	2	1903
426		3	42		3	2	1902
427		3	43		3	2	1905
428		3	44		3	2	1904
429		3	45		3	2	1907
430		3	46		3	2	1906
431		3	47		3	0	1587
432		3	48		3	0	1604
433		3	49		3	2	1881
434		3	50		3	2	1880
435		3	51		3	2	1883
436		3	52		3	2	1882
437		3	53		3	2	1885
438		3	54		3	2	1884
439		3	55		3	2	1887
440		3	56		3	2	1886
441		3	57		3	2	1889
442		3	58		3	2	1888
443		3	59		3	2	1891
444		3	60		3	2	1890
445		3	61		3	2	1893
446		3	62		3	2	1892
447		3	63		3	0	1596
448		3	64		3	1	1704
449		3	65		3	1	1703
450		3	66		3	0	1579
451		3	67		3	1	1702
452		3	68		3	0	1580
453		3	69		3	1	1701
454		3	70		3	0	1581
455		3	71		3	1	1700
456		3	72		3	0	1582
457		3	73		3	1	1699
458		3	74		3	0	1583
459		3	75		3	1	1698
460		3	76		3	0	1584
461		3	77		3	1	1697
462		3	78		3	0	1585
463		3	79		3	1	1696
464		3	80		3	1	1713
465		3	81		3	0	1570
466		3	82		3	1	1712
467		3	83		3	0	1571
468		3	84		3	1	1711
469		3	85		3	0	1572
470		3	86		3	1	1710
471		3	87		3	0	1573
472		3	88		3	1	1709
473		3	89		3	0	1574
474		3	90		3	1	1708
475		3	91		3	0	1575
476		3	92		3	1	1707
477		3	93		3	0	1576
478		3	94		3	1	1706
479		3	95		3	1	1705
480		3	96		3	0	1586
481		3	97		3	2	1909
482		3	98		3	2	1908
483		3	99		3	2	1911
484		3	100		3	2	1910
485		3	101		3	2	1913
486		3	102		3	2	1912
487		3	103		3	2	1915
488		3	104		3	2	1914
489		3	105		3	2	1917
490		3	106		3	2	1916
491		3	107		3	2	1919
492		3	108		3	2	1918
493		3	109		3	2	1921
494		3	110		3	2	1920
495		3	111		3	0	1578
496		3	112		3	0	1577
497		3	113		3	2	1923
498		3	114		3	2	1922
499		3	115		3	2	1925
500		3	116		3	2	1924
501		3	117		3	2	1927
502		3	118		3	2	1926
503		3	119		3	2	1929
504		3	120		3	2	1928
505		3	121		3	2	1931
506		3	122		3	2	1930
507		3	123		3	2	1933
508		3	124		3	2	1932
509		3	125		3	2	1935
510		3	126		3	2	1934
511		3	127		3	0	1569
512		4	0		2	1	1291
513		4	1		2	0	1112
514		4	2		2	1	1290
515		4	3		2	0	1113
516		4	4		2	1	1289
517		4	5		2	0	1114
518		4	6		2	1	1288
519		4	7		2	0	1115
520		4	8		2	1	1287
521		4	9		2	0	1116
522		4	10		2	1	1286
523		4	11		2	0	1117
524		4	12		2	1	1285
525		4	13		2	0	1118
526		4	14		2	1	1284
527		4	15		2	1	1283
528		4	16		2	1	1282
529		4	17		2	1	1281
530		4	18		2	0	1121
531		4	19		2	1	1280
532		4	20		2	0	1122
533		4	21		2	1	1279
534		4	22		2	0	1123
535		4	23		2	1	1278
536		4	24		2	0	1124
537		4	25		2	1	1277
538		4	26		2	0	1125
539		4	27		2	1	1276
540		4	28		2	0	1126
541		4	29		2	1	1275
542		4	30		2	0	1127
543		4	31		2	1	1274
544		4	32		2	0	1119
545		4	33		2	2	1520
546		4	34		2	2	1521
547		4	35		2	2	1518
548		4	36		2	2	1519
549		4	37		2	2	1516
550		4	38		2	2	1517
551		4	39		2	2	1514
552		4	40		2	2	1515
553		4	41		2	2	1512
554		4	42		2	2	1513
555		4	43		2	2	1510
556		4	44		2	2	1511
557		4	45		2	2	1508
558		4	46		2	2	1509
559		4	47		2	0	1111
560		4	48		2	0	1128
561		4	49		2	2	1534
562		4	50		2	2	1535
563		4	51		2	2	1532
564		4	52		2	2	1533
565		4	53		2	2	1530
566		4	54		2	2	1531
567		4	55		2	2	1528
568		4	56		2	2	1529
569		4	57		2	2	1526
570		4	58		2	2	1527
571		4	59		2	2	1524
572		4	60		2	2	1525
573		4	61		2	2	1522
574		4	62		2	2	1523
575		4	63		2	0	1120
576		4	64		2	1	1300
577		4	65		2	1	1299
578		4	66		2	0	1103
579		4	67		2	1	1298
580		4	68		2	0	1104
581		4	69		2	1	1297
582		4	70		2	0	1105
583		4	71		2	1	1296
584		4	72		2	0	1106
585		4	73		2	1	1295
586		4	74		2	0	1107
587		4	75		2	1	1294
588		4	76		2	0	1108
589		4	77		2	1	1293
590		4	78		2	0	1109
591		4	79		2	1	1292
592		4	80		2	1	1309
593		4	81		2	0	1094
594		4	82		2	1	1308
595		4	83		2	0	1095
596		4	84		2	1	1307
597		4	85		2	0	1096
598		4	86		2	1	1306
599		4	87		2	0	1097
600		4	88		2	1	1305
601		4	89		2	0	1098
602		4	90		2	1	1304
603		4	91		2	0	1099
604		4	92		2	1	1303
605		4	93		2	0	1100
606		4	94		2	1	1302
607		4	95		2	1	1301
608		4	96		2	0	1110
609		4	97		2	2	1506
610		4	98		2	2	1507
611		4	99		2	2	1504
612		4	100		2	2	1505
613		4	101		2	2	1502
614		4	102		2	2	1503
615		4	103		2	2	1500
616		4	104		2	2	1501
617		4	105		2	2	1498
618		4	106		2	2	1499
619		4	107		2	2	1496
620		4	108		2	2	1497
621		4	109		2	2	1494
622		4	110		2	2	1495
623		4	111		2	0	1102
624		4	112		2	0	1101
625		4	113		2	2	1492
626		4	114		2	2	1493
627		4	115		2	2	1490
628		4	116		2	2	1491
629		4	117		2	2	1488
630		4	118		2	2	1489
631		4	119		2	2	1486
632		4	120		2	2	1487
633		4	121		2	2	1484
634		4	122		2	2	1485
635		4	123		2	2	1482
636		4	124		2	2	1483
637		4	125		2	2	1480
638		4	126		2	2	1481
639		4	127		2	0	1093
640		5	0		2	1	1255
641		5	1		2	0	1148
642		5	2		2	1	1254
643		5	3		2	0	1149
644		5	4		2	1	1253
645		5	5		2	0	1150
646		5	6		2	1	1252
647		5	7		2	0	1151
648		5	8		2	1	1251
649		5	9		2	0	1152
650		5	10		2	1	1250
651		5	11		2	0	1153
652		5	12		2	1	1249
653		5	13		2	0	1154
654		5	14		2	1	1248
655		5	15		2	1	1247
656		5	16		2	1	1246
657		5	17		2	1	1245
658		5	18		2	0	1157
659		5	19		2	1	1244
660		5	20		2	0	1158
661		5	21		2	1	1243
662		5	22		2	0	1159
663		5	23		2	1	1242
664		5	24		2	0	1160
665		5	25		2	1	1241
666		5	26		2	0	1161
667		5	27		2	1	1240
668		5	28		2	0	1162
669		5	29		2	1	1239
670		5	30		2	0	1163
671		5	31		2	1	1238
672		5	32		2	0	1155
673		5	33		2	2	1464
674		5	34		2	2	1465
675		5	35		2	2	1462
676		5	36		2	2	1463
677		5	37		2	2	1460
678		5	38		2	2	1461
679		5	39		2	2	1458
680		5	40		2	2	1459
681		5	41		2	2	1456
682		5	42		2	2	1457
683		5	43		2	2	1454
684		5	44		2	2	1455
685		5	45		2	2	1452
686		5	46		2	2	1453
687		5	47		2	0	1147
688		5	48		2	0	1164
689		5	49		2	2	1478
690		5	50		2	2	1479
691		5	51		2	2	1476
692		5	52		2	2	1477
693		5	53		2	2	1474
694		5	54		2	2	1475
695		5	55		2	2	1472
696		5	56		2	2	1473
697		5	57		2	2	1470
698		5	58		2	2	1471
699		5	59		2	2	1468
700		5	60		2	2	1469
701		5	61		2	2	1466
702		5	62		2	2	1467
703		5	63		2	0	1156
704		5	64		2	1	1264
705		5	65		2	1	1263
706		5	66		2	0	1139
707		5	67		2	1	1262
708		5	68		2	0	1140
709		5	69		2	1	1261
710		5	70		2	0	1141
711		5	71		2	1	1260
712		5	72		2	0	1142
713		5	73		2	1	1259
714		5	74		2	0	1143
715		5	75		2	1	1258
716		5	76		2	0	1144
717		5	77		2	1	1257
718		5	78		2	0	1145
719		5	79		2	1	1256
720		5	80		2	1	1273
721		5	81		2	0	1130
722		5	82		2	1	1272
723		5	83		2	0	1131
724		5	84		2	1	1271
725		5	85		2	0	1132
726		5	86		2	1	1270
727		5	87		2	0	1133
728		5	88		2	1	1269
729		5	89		2	0	1134
730		5	90		2	1	1268
731		5	91		2	0	1135
732		5	92		2	1	1267
733		5	93		2	0	1136
734		5	94		2	1	1266
735		5	95		2	1	1265
736		5	96		2	0	1146
737		5	97		2	2	1450
738		5	98		2	2	1451
739		5	99		2	2	1448
740		5	100		2	2	1449
741		5	101		2	2	1446
742		5	102		2	2	1447
743		5	103		2	2	1444
744		5	104		2	2	1445
745		5	105		2	2	1442
746		5	106		2	2	1443
747		5	107		2	2	1440
748		5	108		2	2	1441
749		5	109		2	2	1438
750		5	110		2	2	1439
751		5	111		2	0	1138
752		5	112		2	0	1137
753		5	113		2	2	1436
754		5	114		2	2	1437
755		5	115		2	2	1434
756		5	116		2	2	1435
757		5	117		2	2	1432
758		5	118		2	2	1433
759		5	119		2	2	1430
760		5	120		2	2	1431
761		5	121		2	2	1428
762		5	122		2	2	1429
763		5	123		2	2	1426
764		5	124		2	2	1427
765		5	125		2	2	1424
766		5	126		2	2	1425
767		5	127		2	0	1129
768		6	0		2	1	1219
769		6	1		2	0	1040
770		6	2		2	1	1218
771		6	3		2	0	1041
772		6	4		2	1	1217
773		6	5		2	0	1042
774		6	6		2	1	1216
775		6	7		2	0	1043
776		6	8		2	1	1215
777		6	9		2	0	1044
778		6	10		2	1	1214
779		6	11		2	0	1045
780		6	12		2	1	1213
781		6	13		2	0	1046
782		6	14		2	1	1212
783		6	15		2	1	1211
784		6	16		2	1	1210
785		6	17		2	1	1209
786		6	18		2	0	1049
787		6	19		2	1	1208
788		6	20		2	0	1050
789		6	21		2	1	1207
790		6	22		2	0	1051
791		6	23		2	1	1206
792		6	24		2	0	1052
793		6	25		2	1	1205
794		6	26		2	0	1053
795		6	27		2	1	1204
796		6	28		2	0	1054
797		6	29		2	1	1203
798		6	30		2	0	1055
799		6	31		2	1	1202
800		6	32		2	0	1047
801		6	33		2	2	1327
802		6	34		2	2	1326
803		6	35		2	2	1329
804		6	36		2	2	1328
805		6	37		2	2	1331
806		6	38		2	2	1330
807		6	39		2	2	1333
808		6	40		2	2	1332
809		6	41		2	2	1335
810		6	42		2	2	1334
811		6	43		2	2	1337
812		6	44		2	2	1336
813		6	45		2	2	1339
814		6	46		2	2	1338
815		6	47		2	0	1039
816		6	48		2	0	1056
817		6	49		2	2	1313
818		6	50		2	2	1312
819		6	51		2	2	1315
820		6	52		2	2	1314
821		6	53		2	2	1317
822		6	54		2	2	1316
823		6	55		2	2	1319
824		6	56		2	2	1318
825		6	57		2	2	1321
826		6	58		2	2	1320
827		6	59		2	2	1323
828		6	60		2	2	1322
829		6	61		2	2	1325
830		6	62		2	2	1324
831		6	63		2	0	1048
832		6	64		2	1	1228
833		6	65		2	1	1227
834		6	66		2	0	1031
835		6	67		2	1	1226
836		6	68		2	0	1032
837		6	69		2	1	1225
838		6	70		2	0	1033
839		6	71		2	1	1224
840		6	72		2	0	1034
841		6	73		2	1	1223
842		6	74		2	0	1035
843		6	75		2	1	1222
844		6	76		2	0	1036
845		6	77		2	1	1221
846		6	78		2	0	1037
847		6	79		2	1	1220
848		6	80		2	1	1237
849		6	81		2	0	1166
850		6	82		2	1	1236
851		6	83		2	0	1167
852		6	84		2	1	1235
853		6	85		2	0	1024
854		6	86		2	1	1234
855		6	87		2	0	1025
856		6	88		2	1	1233
857		6	89		2	0	1026
858		6	90		2	1	1232
859		6	91		2	0	1027
860		6	92		2	1	1231
861		6	93		2	0	1028
862		6	94		2	1	1230
863		6	95		2	1	1229
864		6	96		2	0	1038
865		6	97		2	2	1341
866		6	98		2	2	1340
867		6	99		2	2	1343
868		6	100		2	2	1342
869		6	101		2	2	1345
870		6	102		2	2	1344
871		6	103		2	2	1347
872		6	104		2	2	1346
873		6	105		2	2	1349
874		6	106		2	2	1348
875		6	107		2	2	1351
876		6	108		2	2	1350
877		6	109		2	2	1353
878		6	110		2	2	1352
879		6	111		2	0	1030
880		6	112		2	0	1029
881		6	113		2	2	1355
882		6	114		2	2	1354
883		6	115		2	2	1357
884		6	116		2	2	1356
885		6	117		2	2	1359
886		6	118		2	2	1358
887		6	119		2	2	1361
888		6	120		2	2	1360
889		6	121		2	2	1363
890		6	122		2	2	1362
891		6	123		2	2	1365
892		6	124		2	2	1364
893		6	125		2	2	1367
894		6	126		2	2	1366
895		6	127		2	0	1165
896		7	0		2	1	1183
897		7	1		2	0	1076
898		7	2		2	1	1182
899		7	3		2	0	1077
900		7	4		2	1	1181
901		7	5		2	0	1078
902		7	6		2	1	1180
903		7	7		2	0	1079
904		7	8		2	1	1179
905		7	9		2	0	1080
906		7	10		2	1	1178
907		7	11		2	0	1081
908		7	12		2	1	1177
909		7	13		2	0	1082
910		7	14		2	1	1176
911		7	15		2	1	1175
912		7	16		2	1	1174
913		7	17		2	1	1173
914		7	18		2	0	1085
915		7	19		2	1	1172
916		7	20		2	0	1086
917		7	21		2	1	1171
918		7	22		2	0	1087
919		7	23		2	1	1170
920		7	24		2	0	1088
921		7	25		2	1	1169
922		7	26		2	0	1089
923		7	27		2	1	1168
924		7	28		2	0	1090
925		7	29		2	1	1311
926		7	30		2	0	1091
927		7	31		2	1	1310
928		7	32		2	0	1083
929		7	33		2	2	1383
930		7	34		2	2	1382
931		7	35		2	2	1385
932		7	36		2	2	1384
933		7	37		2	2	1387
934		7	38		2	2	1386
935		7	39		2	2	1389
936		7	40		2	2	1388
937		7	41		2	2	1391
938		7	42		2	2	1390
939		7	43		2	2	1393
940		7	44		2	2	1392
941		7	45		2	2	1395
942		7	46		2	2	1394
943		7	47		2	0	1075
944		7	48		2	0	1092
945		7	49		2	2	1369
946		7	50		2	2	1368
947		7	51		2	2	1371
948		7	52		2	2	1370
949		7	53		2	2	1373
950		7	54		2	2	1372
951		7	55		2	2	1375
952		7	56		2	2	1374
953		7	57		2	2	1377
954		7	58		2	2	1376
955		7	59		2	2	1379
956		7	60		2	2	1378
957		7	61		2	2	1381
958		7	62		2	2	1380
959		7	63		2	0	1084
960		7	64		2	1	1192
961		7	65		2	1	1191
962		7	66		2	0	1067
963		7	67		2	1	1190
964		7	68		2	0	1068
965		7	69		2	1	1189
966		7	70		2	0	1069
967		7	71		2	1	1188
968		7	72		2	0	1070
969		7	73		2	1	1187
970		7	74		2	0	1071
971		7	75		2	1	1186
972		7	76		2	0	1072
973		7	77		2	1	1185
974		7	78		2	0	1073
975		7	79		2	1	1184
976		7	80		2	1	1201
977		7	81		2	0	1058
978		7	82		2	1	1200
979		7	83		2	0	1059
980		7	84		2	1	1199
981		7	85		2	0	1060
982		7	86		2	1	1198
983		7	87		2	0	1061
984		7	88		2	1	1197
985		7	89		2	0	1062
986		7	90		2	1	1196
987		7	91		2	0	1063
988		7	92		2	1	1195
989		7	93		2	0	1064
990		7	94		2	1	1194
991		7	95		2	1	1193
992		7	96		2	0	1074
993		7	97		2	2	1397
994		7	98		2	2	1396
995		7	99		2	2	1399
996		7	100		2	2	1398
997		7	101		2	2	1401
998		7	102		2	2	1400
999		7	103		2	2	1403
1000		7	104		2	2	1402
1001		7	105		2	2	1405
1002		7	106		2	2	1404
1003		7	107		2	2	1407
1004		7	108		2	2	1406
1005		7	109		2	2	1409
1006		7	110		2	2	1408
1007		7	111		2	0	1066
1008		7	112		2	0	1065
1009		7	113		2	2	1411
1010		7	114		2	2	1410
1011		7	115		2	2	1413
1012		7	116		2	2	1412
1013		7	117		2	2	1415
1014		7	118		2	2	1414
1015		7	119		2	2	1417
1016		7	120		2	2	1416
1017		7	121		2	2	1419
1018		7	122		2	2	1418
1019		7	123		2	2	1421
1020		7	124		2	2	1420
1021		7	125		2	2	1423
1022		7	126		2	2	1422
1023		7	127		2	0	1057
1024		8	0		0	1	266
1025		8	1		0	0	87
1026		8	2		0	1	265
1027		8	3		0	0	88
1028		8	4		0	1	264
1029		8	5		0	0	89
1030		8	6		0	1	263
1031		8	7		0	0	90
1032		8	8		0	1	262
1033		8	9		0	0	91
1034		8	10		0	1	261
1035		8	11		0	0	92
1036		8	12		0	1	260
1037		8	13		0	0	93
1038		8	14		0	1	259
1039		8	15		0	1	258
1040		8	16		0	1	257
1041		8	17		0	1	256
1042		8	18		0	0	96
1043		8	19		0	1	255
1044		8	20		0	0	97
1045		8	21		0	1	254
1046		8	22		0	0	98
1047		8	23		0	1	253
1048		8	24		0	0	99
1049		8	25		0	1	252
1050		8	26		0	0	100
1051		8	27		0	1	251
1052		8	28		0	0	101
1053		8	29		0	1	250
1054		8	30		0	0	102
1055		8	31		0	1	249
1056		8	32		0	0	94
1057		8	33		0	2	496
1058		8	34		0	2	497
1059		8	35		0	2	494
1060		8	36		0	2	495
1061		8	37		0	2	492
1062		8	38		0	2	493
1063		8	39		0	2	490
1064		8	40		0	2	491
1065		8	41		0	2	488
1066		8	42		0	2	489
1067		8	43		0	2	486
1068		8	44		0	2	487
1069		8	45		0	2	484
1070		8	46		0	2	485
1071		8	47		0	0	86
1072		8	48		0	0	103
1073		8	49		0	2	510
1074		8	50		0	2	511
1075		8	51		0	2	508
1076		8	52		0	2	509
1077		8	53		0	2	506
1078		8	54		0	2	507
1079		8	55		0	2	504
1080		8	56		0	2	505
1081		8	57		0	2	502
1082		8	58		0	2	503
1083		8	59		0	2	500
1084		8	60		0	2	501
1085		8	61		0	2	498
1086		8	62		0	2	499
1087		8	63		0	0	95
1088		8	64		0	1	275
1089		8	65		0	1	274
1090		8	66		0	0	78
1091		8	67		0	1	273
1092		8	68		0	0	79
1093		8	69		0	1	272
1094		8	70		0	0	80
1095		8	71		0	1	271
1096		8	72		0	0	81
1097		8	73		0	1	270
1098		8	74		0	0	82
1099		8	75		0	1	269
1100		8	76		0	0	83
1101		8	77		0	1	268
1102		8	78		0	0	84
1103		8	79		0	1	267
1104		8	80		0	1	284
1105		8	81		0	0	69
1106		8	82		0	1	283
1107		8	83		0	0	70
1108		8	84		0	1	282
1109		8	85		0	0	71
1110		8	86		0	1	281
1111		8	87		0	0	72
1112		8	88		0	1	280
1113		8	89		0	0	73
1114		8	90		0	1	279
1115		8	91		0	0	74
1116		8	92		0	1	278
1117		8	93		0	0	75
1118		8	94		0	1	277
1119		8	95		0	1	276
1120		8	96		0	0	85
1121		8	97		0	2	482
1122		8	98		0	2	483
1123		8	99		0	2	480
1124		8	100		0	2	481
1125		8	101		0	2	478
1126		8	102		0	2	479
1127		8	103		0	2	476
1128		8	104		0	2	477
1129		8	105		0	2	474
1130		8	106		0	2	475
1131		8	107		0	2	472
1132		8	108		0	2	473
1133		8	109		0	2	470
1134		8	110		0	2	471
1135		8	111		0	0	77
1136		8	112		0	0	76
1137		8	113		0	2	468
1138		8	114		0	2	469
1139		8	115		0	2	466
1140		8	116		0	2	467
1141		8	117		0	2	464
1142		8	118		0	2	465
1143		8	119		0	2	462
1144		8	120		0	2	463
1145		8	121		0	2	460
1146		8	122		0	2	461
1147		8	123		0	2	458
1148		8	124		0	2	459
1149		8	125		0	2	456
1150		8	126		0	2	457
1151		8	127		0	0	68
1152		9	0		0	1	230
1153		9	1		0	0	123
1154		9	2		0	1	229
1155		9	3		0	0	124
1156		9	4		0	1	228
1157		9	5		0	0	125
1158		9	6		0	1	227
1159		9	7		0	0	126
1160		9	8		0	1	226
1161		9	9		0	0	127
1162		9	10		0	1	225
1163		9	11		0	0	128
1164		9	12		0	1	224
1165		9	13		0	0	129
1166		9	14		0	1	223
1167		9	15		0	1	222
1168		9	16		0	1	221
1169		9	17		0	1	220
1170		9	18		0	0	132
1171		9	19		0	1	219
1172		9	20		0	0	133
1173		9	21		0	1	218
1174		9	22		0	0	134
1175		9	23		0	1	217
1176		9	24		0	0	135
1177		9	25		0	1	216
1178		9	26		0	0	136
1179		9	27		0	1	215
1180		9	28		0	0	137
1181		9	29		0	1	214
1182		9	30		0	0	138
1183		9	31		0	1	213
1184		9	32		0	0	130
1185		9	33		0	2	440
1186		9	34		0	2	441
1187		9	35		0	2	438
1188		9	36		0	2	439
1189		9	37		0	2	436
1190		9	38		0	2	437
1191		9	39		0	2	434
1192		9	40		0	2	435
1193		9	41		0	2	432
1194		9	42		0	2	433
1195		9	43		0	2	430
1196		9	44		0	2	431
1197		9	45		0	2	428
1198		9	46		0	2	429
1199		9	47		0	0	122
1200		9	48		0	0	139
1201		9	49		0	2	454
1202		9	50		0	2	455
1203		9	51		0	2	452
1204		9	52		0	2	453
1205		9	53		0	2	450
1206		9	54		0	2	451
1207		9	55		0	2	448
1208		9	56		0	2	449
1209		9	57		0	2	446
1210		9	58		0	2	447
1211		9	59		0	2	444
1212		9	60		0	2	445
1213		9	61		0	2	442
1214		9	62		0	2	443
1215		9	63		0	0	131
1216		9	64		0	1	239
1217		9	65		0	1	238
1218		9	66		0	0	114
1219		9	67		0	1	237
1220		9	68		0	0	115
1221		9	69		0	1	236
1222		9	70		0	0	116
1223		9	71		0	1	235
1224		9	72		0	0	117
1225		9	73		0	1	234
1226		9	74		0	0	118
1227		9	75		0	1	233
1228		9	76		0	0	119
1229		9	77		0	1	232
1230		9	78		0	0	120
1231		9	79		0	1	231
1232		9	80		0	1	248
1233		9	81		0	0	105
1234		9	82		0	1	247
1235		9	83		0	0	106
1236		9	84		0	1	246
1237		9	85		0	0	107
1238		9	86		0	1	245
1239		9	87		0	0	108
1240		9	88		0	1	244
1241		9	89		0	0	109
1242		9	90		0	1	243
1243		9	91		0	0	110
1244		9	92		0	1	242
1245		9	93		0	0	111
1246		9	94		0	1	241
1247		9	95		0	1	240
1248		9	96		0	0	121
1249		9	97		0	2	426
1250		9	98		0	2	427
1251		9	99		0	2	424
1252		9	100		0	2	425
1253		9	101		0	2	422
1254		9	102		0	2	423
1255		9	103		0	2	420
1256		9	104		0	2	421
1257		9	105		0	2	418
1258		9	106		0	2	419
1259		9	107		0	2	416
1260		9	108		0	2	417
1261		9	109		0	2	414
1262		9	110		0	2	415
1263		9	111		0	0	113
1264		9	112		0	0	112
1265		9	113		0	2	412
1266		9	114		0	2	413
1267		9	115		0	2	410
1268		9	116		0	2	411
1269		9	117		0	2	408
1270		9	118		0	2	409
1271		9	119		0	2	406
1272		9	120		0	2	407
1273		9	121		0	2	404
1274		9	122		0	2	405
1275		9	123		0	2	402
1276		9	124		0	2	403
1277		9	125		0	2	400
1278		9	126		0	2	401
1279		9	127		0	0	104
1280		10	0		0	1	194
1281		10	1		0	0	15
1282		10	2		0	1	193
1283		10	3		0	0	16
1284		10	4		0	1	192
1285		10	5		0	0	17
1286		10	6		0	1	191
1287		10	7		0	0	18
1288		10	8		0	1	190
1289		10	9		0	0	19
1290		10	10		0	1	189
1291		10	11		0	0	20
1292		10	12		0	1	188
1293		10	13		0	0	21
1294		10	14		0	1	187
1295		10	15		0	1	186
1296		10	16		0	1	185
1297		10	17		0	1	184
1298		10	18		0	0	24
1299		10	19		0	1	183
1300		10	20		0	0	25
1301		10	21		0	1	182
1302		10	22		0	0	26
1303		10	23		0	1	181
1304		10	24		0	0	27
1305		10	25		0	1	180
1306		10	26		0	0	28
1307		10	27		0	1	179
1308		10	28		0	0	29
1309		10	29		0	1	178
1310		10	30		0	0	30
1311		10	31		0	1	177
1312		10	32		0	0	22
1313		10	33		0	2	303
1314		10	34		0	2	302
1315		10	35		0	2	305
1316		10	36		0	2	304
1317		10	37		0	2	307
1318		10	38		0	2	306
1319		10	39		0	2	309
1320		10	40		0	2	308
1321		10	41		0	2	311
1322		10	42		0	2	310
1323		10	43		0	2	313
1324		10	44		0	2	312
1325		10	45		0	2	315
1326		10	46		0	2	314
1327		10	47		0	0	14
1328		10	48		0	0	31
1329		10	49		0	2	289
1330		10	50		0	2	288
1331		10	51		0	2	291
1332		10	52		0	2	290
1333		10	53		0	2	293
1334		10	54		0	2	292
1335		10	55		0	2	295
1336		10	56		0	2	294
1337		10	57		0	2	297
1338		10	58		0	2	296
1339		10	59		0	2	299
1340		10	60		0	2	298
1341		10	61		0	2	301
1342		10	62		0	2	300
1343		10	63		0	0	23
1344		10	64		0	1	203
1345		10	65		0	1	202
1346		10	66		0	0	6
1347		10	67		0	1	201
1348		10	68		0	0	7
1349		10	69		0	1	200
1350		10	70		0	0	8
1351		10	71		0	1	199
1352		10	72		0	0	9
1353		10	73		0	1	198
1354		10	74		0	0	10
1355		10	75		0	1	197
1356		10	76		0	0	11
1357		10	77		0	1	196
1358		10	78		0	0	12
1359		10	79		0	1	195
1360		10	80		0	1	212
1361		10	81		0	0	141
1362		10	82		0	1	211
1363		10	83		0	0	142
1364		10	84		0	1	210
1365		10	85		0	0	143
1366		10	86		0	1	209
1367		10	87		0	0	0
1368		10	88		0	1	208
1369		10	89		0	0	1
1370		10	90		0	1	207
1371		10	91		0	0	2
1372		10	92		0	1	206
1373		10	93		0	0	3
1374		10	94		0	1	205
1375		10	95		0	1	204
1376		10	96		0	0	13
1377		10	97		0	2	317
1378		10	98		0	2	316
1379		10	99		0	2	319
1380		10	100		0	2	318
1381		10	101		0	2	321
1382		10	102		0	2	320
1383		10	103		0	2	323
1384		10	104		0	2	322
1385		10	105		0	2	325
1386		10	106		0	2	324
1387		10	107		0	2	327
1388		10	108		0	2	326
1389		10	109		0	2	329
1390		10	110		0	2	328
1391		10	111		0	0	5
1392		10	112		0	0	4
1393		10	113		0	2	331
1394		10	114		0	2	330
1395		10	115		0	2	333
1396		10	116		0	2	332
1397		10	117		0	2	335
1398		10	118		0	2	334
1399		10	119		0	2	337
1400		10	120		0	2	336
1401		10	121		0	2	339
1402		10	122		0	2	338
1403		10	123		0	2	341
1404		10	124		0	2	340
1405		10	125		0	2	343
1406		10	126		0	2	342
1407		10	127		0	0	140
1408		11	0		0	1	158
1409		11	1		0	0	51
1410		11	2		0	1	157
1411		11	3		0	0	52
1412		11	4		0	1	156
1413		11	5		0	0	53
1414		11	6		0	1	155
1415		11	7		0	0	54
1416		11	8		0	1	154
1417		11	9		0	0	55
1418		11	10		0	1	153
1419		11	11		0	0	56
1420		11	12		0	1	152
1421		11	13		0	0	57
1422		11	14		0	1	151
1423		11	15		0	1	150
1424		11	16		0	1	149
1425		11	17		0	1	148
1426		11	18		0	0	60
1427		11	19		0	1	147
1428		11	20		0	0	61
1429		11	21		0	1	146
1430		11	22		0	0	62
1431		11	23		0	1	145
1432		11	24		0	0	63
1433		11	25		0	1	144
1434		11	26		0	0	64
1435		11	27		0	1	287
1436		11	28		0	0	65
1437		11	29		0	1	286
1438		11	30		0	0	66
1439		11	31		0	1	285
1440		11	32		0	0	58
1441		11	33		0	2	359
1442		11	34		0	2	358
1443		11	35		0	2	361
1444		11	36		0	2	360
1445		11	37		0	2	363
1446		11	38		0	2	362
1447		11	39		0	2	365
1448		11	40		0	2	364
1449		11	41		0	2	367
1450		11	42		0	2	366
1451		11	43		0	2	369
1452		11	44		0	2	368
1453		11	45		0	2	371
1454		11	46		0	2	370
1455		11	47		0	0	50
1456		11	48		0	0	67
1457		11	49		0	2	345
1458		11	50		0	2	344
1459		11	51		0	2	347
1460		11	52		0	2	346
1461		11	53		0	2	349
1462		11	54		0	2	348
1463		11	55		0	2	351
1464		11	56		0	2	350
1465		11	57		0	2	353
1466		11	58		0	2	352
1467		11	59		0	2	355
1468		11	60		0	2	354
1469		11	61		0	2	357
1470		11	62		0	2	356
1471		11	63		0	0	59
1472		11	64		0	1	167
1473		11	65		0	1	166
1474		11	66		0	0	42
1475		11	67		0	1	165
1476		11	68		0	0	43
1477		11	69		0	1	164
1478		11	70		0	0	44
1479		11	71		0	1	163
1480		11	72		0	0	45
1481		11	73		0	1	162
1482		11	74		0	0	46
1483		11	75		0	1	161
1484		11	76		0	0	47
1485		11	77		0	1	160
1486		11	78		0	0	48
1487		11	79		0	1	159
1488		11	80		0	1	176
1489		11	81		0	0	33
1490		11	82		0	1	175
1491		11	83		0	0	34
1492		11	84		0	1	174
1493		11	85		0	0	35
1494		11	86		0	1	173
1495		11	87		0	0	36
1496		11	88		0	1	172
1497		11	89		0	0	37
1498		11	90		0	1	171
1499		11	91		0	0	38
1500		11	92		0	1	170
1501		11	93		0	0	39
1502		11	94		0	1	169
1503		11	95		0	1	168
1504		11	96		0	0	49
1505		11	97		0	2	373
1506		11	98		0	2	372
1507		11	99		0	2	375
1508		11	100		0	2	374
1509		11	101		0	2	377
1510		11	102		0	2	376
1511		11	103		0	2	379
1512		11	104		0	2	378
1513		11	105		0	2	381
1514		11	106		0	2	380
1515		11	107		0	2	383
1516		11	108		0	2	382
1517		11	109		0	2	385
1518		11	110		0	2	384
1519		11	111		0	0	41
1520		11	112		0	0	40
1521		11	113		0	2	387
1522		11	114		0	2	386
1523		11	115		0	2	389
1524		11	116		0	2	388
1525		11	117		0	2	391
1526		11	118		0	2	390
1527		11	119		0	2	393
1528		11	120		0	2	392
1529		11	121		0	2	395
1530		11	122		0	2	394
1531		11	123		0	2	397
1532		11	124		0	2	396
1533		11	125		0	2	399
1534		11	126		0	2	398
1535		11	127		0	0	32
1536		12	0		1	1	777
1537		12	1		1	0	598
1538		12	2		1	1	776
1539		12	3		1	0	599
1540		12	4		1	1	775
1541		12	5		1	0	600
1542		12	6		1	1	774
1543		12	7		1	0	601
1544		12	8		1	1	773
1545		12	9		1	0	602
1546		12	10		1	1	772
1547		12	11		1	0	603
1548		12	12		1	1	771
1549		12	13		1	0	604
1550		12	14		1	1	770
1551		12	15		1	1	769
1552		12	16		1	1	768
1553		12	17		1	1	767
1554		12	18		1	0	607
1555		12	19		1	1	766
1556		12	20		1	0	608
1557		12	21		1	1	765
1558		12	22		1	0	609
1559		12	23		1	1	764
1560		12	24		1	0	610
1561		12	25		1	1	763
1562		12	26		1	0	611
1563		12	27		1	1	762
1564		12	28		1	0	612
1565		12	29		1	1	761
1566		12	30		1	0	613
1567		12	31		1	1	760
1568		12	32		1	0	605
1569		12	33		1	2	927
1570		12	34		1	2	926
1571		12	35		1	2	929
1572		12	36		1	2	928
1573		12	37		1	2	931
1574		12	38		1	2	930
1575		12	39		1	2	933
1576		12	40		1	2	932
1577		12	41		1	2	935
1578		12	42		1	2	934
1579		12	43		1	2	937
1580		12	44		1	2	936
1581		12	45		1	2	939
1582		12	46		1	2	938
1583		12	47		1	0	597
1584		12	48		1	0	614
1585		12	49		1	2	913
1586		12	50		1	2	912
1587		12	51		1	2	915
1588		12	52		1	2	914
1589		12	53		1	2	917
1590		12	54		1	2	916
1591		12	55		1	2	919
1592		12	56		1	2	918
1593		12	57		1	2	921
1594		12	58		1	2	920
1595		12	59		1	2	923
1596		12	60		1	2	922
1597		12	61		1	2	925
1598		12	62		1	2	924
1599		12	63		1	0	606
1600		12	64		1	1	786
1601		12	65		1	1	785
1602		12	66		1	0	589
1603		12	67		1	1	784
1604		12	68		1	0	590
1605		12	69		1	1	783
1606		12	70		1	0	591
1607		12	71		1	1	782
1608		12	72		1	0	592
1609		12	73		1	1	781
1610		12	74		1	0	593
1611		12	75		1	1	780
1612		12	76		1	0	594
1613		12	77		1	1	779
1614		12	78		1	0	595
1615		12	79		1	1	778
1616		12	80		1	1	795
1617		12	81		1	0	580
1618		12	82		1	1	794
1619		12	83		1	0	581
1620		12	84		1	1	793
1621		12	85		1	0	582
1622		12	86		1	1	792
1623		12	87		1	0	583
1624		12	88		1	1	791
1625		12	89		1	0	584
1626		12	90		1	1	790
1627		12	91		1	0	585
1628		12	92		1	1	789
1629		12	93		1	0	586
1630		12	94		1	1	788
1631		12	95		1	1	787
1632		12	96		1	0	596
1633		12	97		1	2	941
1634		12	98		1	2	940
1635		12	99		1	2	943
1636		12	100		1	2	942
1637		12	101		1	2	945
1638		12	102		1	2	944
1639		12	103		1	2	947
1640		12	104		1	2	946
1641		12	105		1	2	949
1642		12	106		1	2	948
1643		12	107		1	2	951
1644		12	108		1	2	950
1645		12	109		1	2	953
1646		12	110		1	2	952
1647		12	111		1	0	588
1648		12	112		1	0	587
1649		12	113		1	2	955
1650		12	114		1	2	954
1651		12	115		1	2	957
1652		12	116		1	2	956
1653		12	117		1	2	959
1654		12	118		1	2	958
1655		12	119		1	2	961
1656		12	120		1	2	960
1657		12	121		1	2	963
1658		12	122		1	2	962
1659		12	123		1	2	965
1660		12	124		1	2	964
1661		12	125		1	2	967
1662		12	126		1	2	966
1663		12	127		1	0	579
1664		13	0		1	1	741
1665		13	1		1	0	634
1666		13	2		1	1	740
1667		13	3		1	0	635
1668		13	4		1	1	739
1669		13	5		1	0	636
1670		13	6		1	1	738
1671		13	7		1	0	637
1672		13	8		1	1	737
1673		13	9		1	0	638
1674		13	10		1	1	736
1675		13	11		1	0	639
1676		13	12		1	1	735
1677		13	13		1	0	640
1678		13	14		1	1	734
1679		13	15		1	1	733
1680		13	16		1	1	732
1681		13	17		1	1	731
1682		13	18		1	0	643
1683		13	19		1	1	730
1684		13	20		1	0	644
1685		13	21		1	1	729
1686		13	22		1	0	645
1687		13	23		1	1	728
1688		13	24		1	0	646
1689		13	25		1	1	727
1690		13	26		1	0	647
1691		13	27		1	1	726
1692		13	28		1	0	648
1693		13	29		1	1	725
1694		13	30		1	0	649
1695		13	31		1	1	724
1696		13	32		1	0	641
1697		13	33		1	2	983
1698		13	34		1	2	982
1699		13	35		1	2	985
1700		13	36		1	2	984
1701		13	37		1	2	987
1702		13	38		1	2	986
1703		13	39		1	2	989
1704		13	40		1	2	988
1705		13	41		1	2	991
1706		13	42		1	2	990
1707		13	43		1	2	993
1708		13	44		1	2	992
1709		13	45		1	2	995
1710		13	46		1	2	994
1711		13	47		1	0	633
1712		13	48		1	0	650
1713		13	49		1	2	969
1714		13	50		1	2	968
1715		13	51		1	2	971
1716		13	52		1	2	970
1717		13	53		1	2	973
1718		13	54		1	2	972
1719		13	55		1	2	975
1720		13	56		1	2	974
1721		13	57		1	2	977
1722		13	58		1	2	976
1723		13	59		1	2	979
1724		13	60		1	2	978
1725		13	61		1	2	981
1726		13	62		1	2	980
1727		13	63		1	0	642
1728		13	64		1	1	750
1729		13	65		1	1	749
1730		13	66		1	0	625
1731		13	67		1	1	748
1732		13	68		1	0	626
1733		13	69		1	1	747
1734		13	70		1	0	627
1735		13	71		1	1	746
1736		13	72		1	0	628
1737		13	73		1	1	745
1738		13	74		1	0	629
1739		13	75		1	1	744
1740		13	76		1	0	630
1741		13	77		1	1	743
1742		13	78		1	0	631
1743		13	79		1	1	742
1744		13	80		1	1	759
1745		13	81		1	0	616
1746		13	82		1	1	758
1747		13	83		1	0	617
1748		13	84		1	1	757
1749		13	85		1	0	618
1750		13	86		1	1	756
1751		13	87		1	0	619
1752		13	88		1	1	755
1753		13	89		1	0	620
1754		13	90		1	1	754
1755		13	91		1	0	621
1756		13	92		1	1	753
1757		13	93		1	0	622
1758		13	94		1	1	752
1759		13	95		1	1	751
1760		13	96		1	0	632
1761		13	97		1	2	997
1762		13	98		1	2	996
1763		13	99		1	2	999
1764		13	100		1	2	998
1765		13	101		1	2	1001
1766		13	102		1	2	1000
1767		13	103		1	2	1003
1768		13	104		1	2	1002
1769		13	105		1	2	1005
1770		13	106		1	2	1004
1771		13	107		1	2	1007
1772		13	108		1	2	1006
1773		13	109		1	2	1009
1774		13	110		1	2	1008
1775		13	111		1	0	624
1776		13	112		1	0	623
1777		13	113		1	2	1011
1778		13	114		1	2	1010
1779		13	115		1	2	1013
1780		13	116		1	2	1012
1781		13	117		1	2	1015
1782		13	118		1	2	1014
1783		13	119		1	2	1017
1784		13	120		1	2	1016
1785		13	121		1	2	1019
1786		13	122		1	2	1018
1787		13	123		1	2	1021
1788		13	124		1	2	1020
1789		13	125		1	2	1023
1790		13	126		1	2	1022
1791		13	127		1	0	615
1792		14	0		1	1	705
1793		14	1		1	0	526
1794		14	2		1	1	704
1795		14	3		1	0	527
1796		14	4		1	1	703
1797		14	5		1	0	528
1798		14	6		1	1	702
1799		14	7		1	0	529
1800		14	8		1	1	701
1801		14	9		1	0	530
1802		14	10		1	1	700
1803		14	11		1	0	531
1804		14	12		1	1	699
1805		14	13		1	0	532
1806		14	14		1	1	698
1807		14	15		1	1	697
1808		14	16		1	1	696
1809		14	17		1	1	695
1810		14	18		1	0	535
1811		14	19		1	1	694
1812		14	20		1	0	536
1813		14	21		1	1	693
1814		14	22		1	0	537
1815		14	23		1	1	692
1816		14	24		1	0	538
1817		14	25		1	1	691
1818		14	26		1	0	539
1819		14	27		1	1	690
1820		14	28		1	0	540
1821		14	29		1	1	689
1822		14	30		1	0	541
1823		14	31		1	1	688
1824		14	32		1	0	533
1825		14	33		1	2	896
1826		14	34		1	2	897
1827		14	35		1	2	894
1828		14	36		1	2	895
1829		14	37		1	2	892
1830		14	38		1	2	893
1831		14	39		1	2	890
1832		14	40		1	2	891
1833		14	41		1	2	888
1834		14	42		1	2	889
1835		14	43		1	2	886
1836		14	44		1	2	887
1837		14	45		1	2	884
1838		14	46		1	2	885
1839		14	47		1	0	525
1840		14	48		1	0	542
1841		14	49		1	2	910
1842		14	50		1	2	911
1843		14	51		1	2	908
1844		14	52		1	2	909
1845		14	53		1	2	906
1846		14	54		1	2	907
1847		14	55		1	2	904
1848		14	56		1	2	905
1849		14	57		1	2	902
1850		14	58		1	2	903
1851		14	59		1	2	900
1852		14	60		1	2	901
1853		14	61		1	2	898
1854		14	62		1	2	899
1855		14	63		1	0	534
1856		14	64		1	1	714
1857		14	65		1	1	713
1858		14	66		1	0	517
1859		14	67		1	1	712
1860		14	68		1	0	518
1861		14	69		1	1	711
1862		14	70		1	0	519
1863		14	71		1	1	710
1864		14	72		1	0	520
1865		14	73		1	1	709
1866		14	74		1	0	521
1867		14	75		1	1	708
1868		14	76		1	0	522
1869		14	77		1	1	707
1870		14	78		1	0	523
1871		14	79		1	1	706
1872		14	80		1	1	723
1873		14	81		1	0	652
1874		14	82		1	1	722
1875		14	83		1	0	653
1876		14	84		1	1	721
1877		14	85		1	0	654
1878		14	86		1	1	720
1879		14	87		1	0	655
1880		14	88		1	1	719
1881		14	89		1	0	512
1882		14	90		1	1	718
1883		14	91		1	0	513
1884		14	92		1	1	717
1885		14	93		1	0	514
1886		14	94		1	1	716
1887		14	95		1	1	715
1888		14	96		1	0	524
1889		14	97		1	2	882
1890		14	98		1	2	883
1891		14	99		1	2	880
1892		14	100		1	2	881
1893		14	101		1	2	878
1894		14	102		1	2	879
1895		14	103		1	2	876
1896		14	104		1	2	877
1897		14	105		1	2	874
1898		14	106		1	2	875
1899		14	107		1	2	872
1900		14	108		1	2	873
1901		14	109		1	2	870
1902		14	110		1	2	871
1903		14	111		1	0	516
1904		14	112		1	0	515
1905		14	113		1	2	868
1906		14	114		1	2	869
1907		14	115		1	2	866
1908		14	116		1	2	867
1909		14	117		1	2	864
1910		14	118		1	2	865
1911		14	119		1	2	862
1912		14	120		1	2	863
1913		14	121		1	2	860
1914		14	122		1	2	861
1915		14	123		1	2	858
1916		14	124		1	2	859
1917		14	125		1	2	856
1918		14	126		1	2	857
1919		14	127		1	0	651
1920		15	0		1	1	669
1921		15	1		1	0	562
1922		15	2		1	1	668
1923		15	3		1	0	563
1924		15	4		1	1	667
1925		15	5		1	0	564
1926		15	6		1	1	666
1927		15	7		1	0	565
1928		15	8		1	1	665
1929		15	9		1	0	566
1930		15	10		1	1	664
1931		15	11		1	0	567
1932		15	12		1	1	663
1933		15	13		1	0	568
1934		15	14		1	1	662
1935		15	15		1	1	661
1936		15	16		1	1	660
1937		15	17		1	1	659
1938		15	18		1	0	571
1939		15	19		1	1	658
1940		15	20		1	0	572
1941		15	21		1	1	657
1942		15	22		1	0	573
1943		15	23		1	1	656
1944		15	24		1	0	574
1945		15	25		1	1	799
1946		15	26		1	0	575
1947		15	27		1	1	798
1948		15	28		1	0	576
1949		15	29		1	1	797
1950		15	30		1	0	577
1951		15	31		1	1	796
1952		15	32		1	0	569
1953		15	33		1	2	840
1954		15	34		1	2	841
1955		15	35		1	2	838
1956		15	36		1	2	839
1957		15	37		1	2	836
1958		15	38		1	2	837
1959		15	39		1	2	834
1960		15	40		1	2	835
1961		15	41		1	2	832
1962		15	42		1	2	833
1963		15	43		1	2	830
1964		15	44		1	2	831
1965		15	45		1	2	828
1966		15	46		1	2	829
1967		15	47		1	0	561
1968		15	48		1	0	578
1969		15	49		1	2	854
1970		15	50		1	2	855
1971		15	51		1	2	852
1972		15	52		1	2	853
1973		15	53		1	2	850
1974		15	54		1	2	851
1975		15	55		1	2	848
1976		15	56		1	2	849
1977		15	57		1	2	846
1978		15	58		1	2	847
1979		15	59		1	2	844
1980		15	60		1	2	845
1981		15	61		1	2	842
1982		15	62		1	2	843
1983		15	63		1	0	570
1984		15	64		1	1	678
1985		15	65		1	1	677
1986		15	66		1	0	553
1987		15	67		1	1	676
1988		15	68		1	0	554
1989		15	69		1	1	675
1990		15	70		1	0	555
1991		15	71		1	1	674
1992		15	72		1	0	556
1993		15	73		1	1	673
1994		15	74		1	0	557
1995		15	75		1	1	672
1996		15	76		1	0	558
1997		15	77		1	1	671
1998		15	78		1	0	559
1999		15	79		1	1	670
2000		15	80		1	1	687
2001		15	81		1	0	544
2002		15	82		1	1	686
2003		15	83		1	0	545
2004		15	84		1	1	685
2005		15	85		1	0	546
2006		15	86		1	1	684
2007		15	87		1	0	547
2008		15	88		1	1	683
2009		15	89		1	0	548
2010		15	90		1	1	682
2011		15	91		1	0	549
2012		15	92		1	1	681
2013		15	93		1	0	550
2014		15	94		1	1	680
2015		15	95		1	1	679
2016		15	96		1	0	560
2017		15	97		1	2	826
2018		15	98		1	2	827
2019		15	99		1	2	824
2020		15	100		1	2	825
2021		15	101		1	2	822
2022		15	102		1	2	823
2023		15	103		1	2	820
2024		15	104		1	2	821
2025		15	105		1	2	818
2026		15	106		1	2	819
2027		15	107		1	2	816
2028		15	108		1	2	817
2029		15	109		1	2	814
2030		15	110		1	2	815
2031		15	111		1	0	552
2032		15	112		1	0	551
2033		15	113		1	2	812
2034		15	114		1	2	813
2035		15	115		1	2	810
2036		15	116		1	2	811
2037		15	117		1	2	808
2038		15	118		1	2	809
2039		15	119		1	2	806
2040		15	120		1	2	807
2041		15	121		1	2	804
2042		15	122		1	2	805
2043		15	123		1	2	802
2044		15	124		1	2	803
2045		15	125		1	2	800
2046		15	126		1	2	801
2047		15	127		1	0	543
