0		0	0		1		32		0	0		3	1	1806
1		0	1		1		33		0	1		3	0	1624
2		0	2		1		34		0	2		3	1	1807
3		0	3		1		35		0	3		3	0	1623
4		0	4		1		36		0	4		3	1	1808
5		0	5		1		37		0	5		3	0	1622
6		0	6		1		38		0	6		3	1	1809
7		0	7		1		39		0	7		3	0	1621
8		0	8		1		40		0	8		3	1	1810
9		0	9		1		41		0	9		3	0	1620
10		0	10		1		42		0	10		3	1	1811
11		0	11		1		43		0	11		3	0	1619
12		0	12		1		44		0	12		3	1	1812
13		0	13		1		45		0	13		3	0	1618
14		0	14		1		46		0	14		3	1	1813
15		0	15		1		47		0	15		3	1	1814
16		0	16		1		48		1	0		3	1	1815
17		0	17		1		49		1	1		3	1	1816
18		0	18		1		50		1	2		3	0	1615
19		0	19		1		51		1	3		3	1	1817
20		0	20		1		52		1	4		3	0	1614
21		0	21		1		53		1	5		3	1	1818
22		0	22		1		54		1	6		3	0	1613
23		0	23		1		55		1	7		3	1	1819
24		0	24		1		56		1	8		3	0	1612
25		0	25		1		57		1	9		3	1	1820
26		0	26		1		58		1	10		3	0	1611
27		0	27		1		59		1	11		3	1	1821
28		0	28		1		60		1	12		3	0	1610
29		0	29		1		61		1	13		3	1	1822
30		0	30		1		62		1	14		3	0	1609
31		0	31		1		63		1	15		3	1	1823
32		0	32		1		15		2	0		3	0	1617
33		0	33		1		14		2	1		3	2	2032
34		0	34		1		13		2	2		3	2	2033
35		0	35		1		12		2	3		3	2	2030
36		0	36		1		11		2	4		3	2	2031
37		0	37		1		10		2	5		3	2	2028
38		0	38		1		9		2	6		3	2	2029
39		0	39		1		8		2	7		3	2	2026
40		0	40		1		7		2	8		3	2	2027
41		0	41		1		6		2	9		3	2	2024
42		0	42		1		5		2	10		3	2	2025
43		0	43		1		4		2	11		3	2	2022
44		0	44		1		3		2	12		3	2	2023
45		0	45		1		2		2	13		3	2	2020
46		0	46		1		1		2	14		3	2	2021
47		0	47		1		0		2	15		3	0	1625
48		0	48		1		31		3	0		3	0	1608
49		0	49		1		30		3	1		3	2	2046
50		0	50		1		29		3	2		3	2	2047
51		0	51		1		28		3	3		3	2	2044
52		0	52		1		27		3	4		3	2	2045
53		0	53		1		26		3	5		3	2	2042
54		0	54		1		25		3	6		3	2	2043
55		0	55		1		24		3	7		3	2	2040
56		0	56		1		23		3	8		3	2	2041
57		0	57		1		22		3	9		3	2	2038
58		0	58		1		21		3	10		3	2	2039
59		0	59		1		20		3	11		3	2	2036
60		0	60		1		19		3	12		3	2	2037
61		0	61		1		18		3	13		3	2	2034
62		0	62		1		17		3	14		3	2	2035
63		0	63		1		16		3	15		3	0	1616
64		0	64		0		48		4	0		3	1	1797
65		0	65		0		49		4	1		3	1	1798
66		0	66		0		50		4	2		3	0	1633
67		0	67		0		51		4	3		3	1	1799
68		0	68		0		52		4	4		3	0	1632
69		0	69		0		53		4	5		3	1	1800
70		0	70		0		54		4	6		3	0	1631
71		0	71		0		55		4	7		3	1	1801
72		0	72		0		56		4	8		3	0	1630
73		0	73		0		57		4	9		3	1	1802
74		0	74		0		58		4	10		3	0	1629
75		0	75		0		59		4	11		3	1	1803
76		0	76		0		60		4	12		3	0	1628
77		0	77		0		61		4	13		3	1	1804
78		0	78		0		62		4	14		3	0	1627
79		0	79		0		63		4	15		3	1	1805
80		0	80		0		32		5	0		3	1	1788
81		0	81		0		33		5	1		3	0	1642
82		0	82		0		34		5	2		3	1	1789
83		0	83		0		35		5	3		3	0	1641
84		0	84		0		36		5	4		3	1	1790
85		0	85		0		37		5	5		3	0	1640
86		0	86		0		38		5	6		3	1	1791
87		0	87		0		39		5	7		3	0	1639
88		0	88		0		40		5	8		3	1	1792
89		0	89		0		41		5	9		3	0	1638
90		0	90		0		42		5	10		3	1	1793
91		0	91		0		43		5	11		3	0	1637
92		0	92		0		44		5	12		3	1	1794
93		0	93		0		45		5	13		3	0	1636
94		0	94		0		46		5	14		3	1	1795
95		0	95		0		47		5	15		3	1	1796
96		0	96		0		31		6	0		3	0	1626
97		0	97		0		30		6	1		3	2	2018
98		0	98		0		29		6	2		3	2	2019
99		0	99		0		28		6	3		3	2	2016
100		0	100		0		27		6	4		3	2	2017
101		0	101		0		26		6	5		3	2	2014
102		0	102		0		25		6	6		3	2	2015
103		0	103		0		24		6	7		3	2	2012
104		0	104		0		23		6	8		3	2	2013
105		0	105		0		22		6	9		3	2	2010
106		0	106		0		21		6	10		3	2	2011
107		0	107		0		20		6	11		3	2	2008
108		0	108		0		19		6	12		3	2	2009
109		0	109		0		18		6	13		3	2	2006
110		0	110		0		17		6	14		3	2	2007
111		0	111		0		16		6	15		3	0	1634
112		0	112		0		15		7	0		3	0	1635
113		0	113		0		14		7	1		3	2	2004
114		0	114		0		13		7	2		3	2	2005
115		0	115		0		12		7	3		3	2	2002
116		0	116		0		11		7	4		3	2	2003
117		0	117		0		10		7	5		3	2	2000
118		0	118		0		9		7	6		3	2	2001
119		0	119		0		8		7	7		3	2	1998
120		0	120		0		7		7	8		3	2	1999
121		0	121		0		6		7	9		3	2	1996
122		0	122		0		5		7	10		3	2	1997
123		0	123		0		4		7	11		3	2	1994
124		0	124		0		3		7	12		3	2	1995
125		0	125		0		2		7	13		3	2	1992
126		0	126		0		1		7	14		3	2	1993
127		0	127		0		0		7	15		3	0	1643
128		1	0		1		32		0	0		3	1	1770
129		1	1		1		33		0	1		3	0	1660
130		1	2		1		34		0	2		3	1	1771
131		1	3		1		35		0	3		3	0	1659
132		1	4		1		36		0	4		3	1	1772
133		1	5		1		37		0	5		3	0	1658
134		1	6		1		38		0	6		3	1	1773
135		1	7		1		39		0	7		3	0	1657
136		1	8		1		40		0	8		3	1	1774
137		1	9		1		41		0	9		3	0	1656
138		1	10		1		42		0	10		3	1	1775
139		1	11		1		43		0	11		3	0	1655
140		1	12		1		44		0	12		3	1	1776
141		1	13		1		45		0	13		3	0	1654
142		1	14		1		46		0	14		3	1	1777
143		1	15		1		47		0	15		3	1	1778
144		1	16		1		48		1	0		3	1	1779
145		1	17		1		49		1	1		3	1	1780
146		1	18		1		50		1	2		3	0	1651
147		1	19		1		51		1	3		3	1	1781
148		1	20		1		52		1	4		3	0	1650
149		1	21		1		53		1	5		3	1	1782
150		1	22		1		54		1	6		3	0	1649
151		1	23		1		55		1	7		3	1	1783
152		1	24		1		56		1	8		3	0	1648
153		1	25		1		57		1	9		3	1	1784
154		1	26		1		58		1	10		3	0	1647
155		1	27		1		59		1	11		3	1	1785
156		1	28		1		60		1	12		3	0	1646
157		1	29		1		61		1	13		3	1	1786
158		1	30		1		62		1	14		3	0	1645
159		1	31		1		63		1	15		3	1	1787
160		1	32		1		15		2	0		3	0	1653
161		1	33		1		14		2	1		3	2	1976
162		1	34		1		13		2	2		3	2	1977
163		1	35		1		12		2	3		3	2	1974
164		1	36		1		11		2	4		3	2	1975
165		1	37		1		10		2	5		3	2	1972
166		1	38		1		9		2	6		3	2	1973
167		1	39		1		8		2	7		3	2	1970
168		1	40		1		7		2	8		3	2	1971
169		1	41		1		6		2	9		3	2	1968
170		1	42		1		5		2	10		3	2	1969
171		1	43		1		4		2	11		3	2	1966
172		1	44		1		3		2	12		3	2	1967
173		1	45		1		2		2	13		3	2	1964
174		1	46		1		1		2	14		3	2	1965
175		1	47		1		0		2	15		3	0	1661
176		1	48		1		31		3	0		3	0	1644
177		1	49		1		30		3	1		3	2	1990
178		1	50		1		29		3	2		3	2	1991
179		1	51		1		28		3	3		3	2	1988
180		1	52		1		27		3	4		3	2	1989
181		1	53		1		26		3	5		3	2	1986
182		1	54		1		25		3	6		3	2	1987
183		1	55		1		24		3	7		3	2	1984
184		1	56		1		23		3	8		3	2	1985
185		1	57		1		22		3	9		3	2	1982
186		1	58		1		21		3	10		3	2	1983
187		1	59		1		20		3	11		3	2	1980
188		1	60		1		19		3	12		3	2	1981
189		1	61		1		18		3	13		3	2	1978
190		1	62		1		17		3	14		3	2	1979
191		1	63		1		16		3	15		3	0	1652
192		1	64		0		48		4	0		3	1	1761
193		1	65		0		49		4	1		3	1	1762
194		1	66		0		50		4	2		3	0	1669
195		1	67		0		51		4	3		3	1	1763
196		1	68		0		52		4	4		3	0	1668
197		1	69		0		53		4	5		3	1	1764
198		1	70		0		54		4	6		3	0	1667
199		1	71		0		55		4	7		3	1	1765
200		1	72		0		56		4	8		3	0	1666
201		1	73		0		57		4	9		3	1	1766
202		1	74		0		58		4	10		3	0	1665
203		1	75		0		59		4	11		3	1	1767
204		1	76		0		60		4	12		3	0	1664
205		1	77		0		61		4	13		3	1	1768
206		1	78		0		62		4	14		3	0	1663
207		1	79		0		63		4	15		3	1	1769
208		1	80		0		32		5	0		3	1	1752
209		1	81		0		33		5	1		3	0	1678
210		1	82		0		34		5	2		3	1	1753
211		1	83		0		35		5	3		3	0	1677
212		1	84		0		36		5	4		3	1	1754
213		1	85		0		37		5	5		3	0	1676
214		1	86		0		38		5	6		3	1	1755
215		1	87		0		39		5	7		3	0	1675
216		1	88		0		40		5	8		3	1	1756
217		1	89		0		41		5	9		3	0	1674
218		1	90		0		42		5	10		3	1	1757
219		1	91		0		43		5	11		3	0	1673
220		1	92		0		44		5	12		3	1	1758
221		1	93		0		45		5	13		3	0	1672
222		1	94		0		46		5	14		3	1	1759
223		1	95		0		47		5	15		3	1	1760
224		1	96		0		31		6	0		3	0	1662
225		1	97		0		30		6	1		3	2	1962
226		1	98		0		29		6	2		3	2	1963
227		1	99		0		28		6	3		3	2	1960
228		1	100		0		27		6	4		3	2	1961
229		1	101		0		26		6	5		3	2	1958
230		1	102		0		25		6	6		3	2	1959
231		1	103		0		24		6	7		3	2	1956
232		1	104		0		23		6	8		3	2	1957
233		1	105		0		22		6	9		3	2	1954
234		1	106		0		21		6	10		3	2	1955
235		1	107		0		20		6	11		3	2	1952
236		1	108		0		19		6	12		3	2	1953
237		1	109		0		18		6	13		3	2	1950
238		1	110		0		17		6	14		3	2	1951
239		1	111		0		16		6	15		3	0	1670
240		1	112		0		15		7	0		3	0	1671
241		1	113		0		14		7	1		3	2	1948
242		1	114		0		13		7	2		3	2	1949
243		1	115		0		12		7	3		3	2	1946
244		1	116		0		11		7	4		3	2	1947
245		1	117		0		10		7	5		3	2	1944
246		1	118		0		9		7	6		3	2	1945
247		1	119		0		8		7	7		3	2	1942
248		1	120		0		7		7	8		3	2	1943
249		1	121		0		6		7	9		3	2	1940
250		1	122		0		5		7	10		3	2	1941
251		1	123		0		4		7	11		3	2	1938
252		1	124		0		3		7	12		3	2	1939
253		1	125		0		2		7	13		3	2	1936
254		1	126		0		1		7	14		3	2	1937
255		1	127		0		0		7	15		3	0	1679
256		2	0		1		32		0	0		3	1	1734
257		2	1		1		33		0	1		3	0	1552
258		2	2		1		34		0	2		3	1	1735
259		2	3		1		35		0	3		3	0	1551
260		2	4		1		36		0	4		3	1	1736
261		2	5		1		37		0	5		3	0	1550
262		2	6		1		38		0	6		3	1	1737
263		2	7		1		39		0	7		3	0	1549
264		2	8		1		40		0	8		3	1	1738
265		2	9		1		41		0	9		3	0	1548
266		2	10		1		42		0	10		3	1	1739
267		2	11		1		43		0	11		3	0	1547
268		2	12		1		44		0	12		3	1	1740
269		2	13		1		45		0	13		3	0	1546
270		2	14		1		46		0	14		3	1	1741
271		2	15		1		47		0	15		3	1	1742
272		2	16		1		48		1	0		3	1	1743
273		2	17		1		49		1	1		3	1	1744
274		2	18		1		50		1	2		3	0	1543
275		2	19		1		51		1	3		3	1	1745
276		2	20		1		52		1	4		3	0	1542
277		2	21		1		53		1	5		3	1	1746
278		2	22		1		54		1	6		3	0	1541
279		2	23		1		55		1	7		3	1	1747
280		2	24		1		56		1	8		3	0	1540
281		2	25		1		57		1	9		3	1	1748
282		2	26		1		58		1	10		3	0	1539
283		2	27		1		59		1	11		3	1	1749
284		2	28		1		60		1	12		3	0	1538
285		2	29		1		61		1	13		3	1	1750
286		2	30		1		62		1	14		3	0	1537
287		2	31		1		63		1	15		3	1	1751
288		2	32		1		15		2	0		3	0	1545
289		2	33		1		14		2	1		3	2	1839
290		2	34		1		13		2	2		3	2	1838
291		2	35		1		12		2	3		3	2	1841
292		2	36		1		11		2	4		3	2	1840
293		2	37		1		10		2	5		3	2	1843
294		2	38		1		9		2	6		3	2	1842
295		2	39		1		8		2	7		3	2	1845
296		2	40		1		7		2	8		3	2	1844
297		2	41		1		6		2	9		3	2	1847
298		2	42		1		5		2	10		3	2	1846
299		2	43		1		4		2	11		3	2	1849
300		2	44		1		3		2	12		3	2	1848
301		2	45		1		2		2	13		3	2	1851
302		2	46		1		1		2	14		3	2	1850
303		2	47		1		0		2	15		3	0	1553
304		2	48		1		31		3	0		3	0	1536
305		2	49		1		30		3	1		3	2	1825
306		2	50		1		29		3	2		3	2	1824
307		2	51		1		28		3	3		3	2	1827
308		2	52		1		27		3	4		3	2	1826
309		2	53		1		26		3	5		3	2	1829
310		2	54		1		25		3	6		3	2	1828
311		2	55		1		24		3	7		3	2	1831
312		2	56		1		23		3	8		3	2	1830
313		2	57		1		22		3	9		3	2	1833
314		2	58		1		21		3	10		3	2	1832
315		2	59		1		20		3	11		3	2	1835
316		2	60		1		19		3	12		3	2	1834
317		2	61		1		18		3	13		3	2	1837
318		2	62		1		17		3	14		3	2	1836
319		2	63		1		16		3	15		3	0	1544
320		2	64		0		48		4	0		3	1	1725
321		2	65		0		49		4	1		3	1	1726
322		2	66		0		50		4	2		3	0	1561
323		2	67		0		51		4	3		3	1	1727
324		2	68		0		52		4	4		3	0	1560
325		2	69		0		53		4	5		3	1	1728
326		2	70		0		54		4	6		3	0	1559
327		2	71		0		55		4	7		3	1	1729
328		2	72		0		56		4	8		3	0	1558
329		2	73		0		57		4	9		3	1	1730
330		2	74		0		58		4	10		3	0	1557
331		2	75		0		59		4	11		3	1	1731
332		2	76		0		60		4	12		3	0	1556
333		2	77		0		61		4	13		3	1	1732
334		2	78		0		62		4	14		3	0	1555
335		2	79		0		63		4	15		3	1	1733
336		2	80		0		32		5	0		3	1	1716
337		2	81		0		33		5	1		3	0	1570
338		2	82		0		34		5	2		3	1	1717
339		2	83		0		35		5	3		3	0	1569
340		2	84		0		36		5	4		3	1	1718
341		2	85		0		37		5	5		3	0	1568
342		2	86		0		38		5	6		3	1	1719
343		2	87		0		39		5	7		3	0	1567
344		2	88		0		40		5	8		3	1	1720
345		2	89		0		41		5	9		3	0	1566
346		2	90		0		42		5	10		3	1	1721
347		2	91		0		43		5	11		3	0	1565
348		2	92		0		44		5	12		3	1	1722
349		2	93		0		45		5	13		3	0	1564
350		2	94		0		46		5	14		3	1	1723
351		2	95		0		47		5	15		3	1	1724
352		2	96		0		31		6	0		3	0	1554
353		2	97		0		30		6	1		3	2	1853
354		2	98		0		29		6	2		3	2	1852
355		2	99		0		28		6	3		3	2	1855
356		2	100		0		27		6	4		3	2	1854
357		2	101		0		26		6	5		3	2	1857
358		2	102		0		25		6	6		3	2	1856
359		2	103		0		24		6	7		3	2	1859
360		2	104		0		23		6	8		3	2	1858
361		2	105		0		22		6	9		3	2	1861
362		2	106		0		21		6	10		3	2	1860
363		2	107		0		20		6	11		3	2	1863
364		2	108		0		19		6	12		3	2	1862
365		2	109		0		18		6	13		3	2	1865
366		2	110		0		17		6	14		3	2	1864
367		2	111		0		16		6	15		3	0	1562
368		2	112		0		15		7	0		3	0	1563
369		2	113		0		14		7	1		3	2	1867
370		2	114		0		13		7	2		3	2	1866
371		2	115		0		12		7	3		3	2	1869
372		2	116		0		11		7	4		3	2	1868
373		2	117		0		10		7	5		3	2	1871
374		2	118		0		9		7	6		3	2	1870
375		2	119		0		8		7	7		3	2	1873
376		2	120		0		7		7	8		3	2	1872
377		2	121		0		6		7	9		3	2	1875
378		2	122		0		5		7	10		3	2	1874
379		2	123		0		4		7	11		3	2	1877
380		2	124		0		3		7	12		3	2	1876
381		2	125		0		2		7	13		3	2	1879
382		2	126		0		1		7	14		3	2	1878
383		2	127		0		0		7	15		3	0	1571
384		3	0		1		32		0	0		3	1	1698
385		3	1		1		33		0	1		3	0	1588
386		3	2		1		34		0	2		3	1	1699
387		3	3		1		35		0	3		3	0	1587
388		3	4		1		36		0	4		3	1	1700
389		3	5		1		37		0	5		3	0	1586
390		3	6		1		38		0	6		3	1	1701
391		3	7		1		39		0	7		3	0	1585
392		3	8		1		40		0	8		3	1	1702
393		3	9		1		41		0	9		3	0	1584
394		3	10		1		42		0	10		3	1	1703
395		3	11		1		43		0	11		3	0	1583
396		3	12		1		44		0	12		3	1	1704
397		3	13		1		45		0	13		3	0	1582
398		3	14		1		46		0	14		3	1	1705
399		3	15		1		47		0	15		3	1	1706
400		3	16		1		48		1	0		3	1	1707
401		3	17		1		49		1	1		3	1	1708
402		3	18		1		50		1	2		3	0	1579
403		3	19		1		51		1	3		3	1	1709
404		3	20		1		52		1	4		3	0	1578
405		3	21		1		53		1	5		3	1	1710
406		3	22		1		54		1	6		3	0	1577
407		3	23		1		55		1	7		3	1	1711
408		3	24		1		56		1	8		3	0	1576
409		3	25		1		57		1	9		3	1	1712
410		3	26		1		58		1	10		3	0	1575
411		3	27		1		59		1	11		3	1	1713
412		3	28		1		60		1	12		3	0	1574
413		3	29		1		61		1	13		3	1	1714
414		3	30		1		62		1	14		3	0	1573
415		3	31		1		63		1	15		3	1	1715
416		3	32		1		15		2	0		3	0	1581
417		3	33		1		14		2	1		3	2	1895
418		3	34		1		13		2	2		3	2	1894
419		3	35		1		12		2	3		3	2	1897
420		3	36		1		11		2	4		3	2	1896
421		3	37		1		10		2	5		3	2	1899
422		3	38		1		9		2	6		3	2	1898
423		3	39		1		8		2	7		3	2	1901
424		3	40		1		7		2	8		3	2	1900
425		3	41		1		6		2	9		3	2	1903
426		3	42		1		5		2	10		3	2	1902
427		3	43		1		4		2	11		3	2	1905
428		3	44		1		3		2	12		3	2	1904
429		3	45		1		2		2	13		3	2	1907
430		3	46		1		1		2	14		3	2	1906
431		3	47		1		0		2	15		3	0	1589
432		3	48		1		31		3	0		3	0	1572
433		3	49		1		30		3	1		3	2	1881
434		3	50		1		29		3	2		3	2	1880
435		3	51		1		28		3	3		3	2	1883
436		3	52		1		27		3	4		3	2	1882
437		3	53		1		26		3	5		3	2	1885
438		3	54		1		25		3	6		3	2	1884
439		3	55		1		24		3	7		3	2	1887
440		3	56		1		23		3	8		3	2	1886
441		3	57		1		22		3	9		3	2	1889
442		3	58		1		21		3	10		3	2	1888
443		3	59		1		20		3	11		3	2	1891
444		3	60		1		19		3	12		3	2	1890
445		3	61		1		18		3	13		3	2	1893
446		3	62		1		17		3	14		3	2	1892
447		3	63		1		16		3	15		3	0	1580
448		3	64		0		48		4	0		3	1	1689
449		3	65		0		49		4	1		3	1	1690
450		3	66		0		50		4	2		3	0	1597
451		3	67		0		51		4	3		3	1	1691
452		3	68		0		52		4	4		3	0	1596
453		3	69		0		53		4	5		3	1	1692
454		3	70		0		54		4	6		3	0	1595
455		3	71		0		55		4	7		3	1	1693
456		3	72		0		56		4	8		3	0	1594
457		3	73		0		57		4	9		3	1	1694
458		3	74		0		58		4	10		3	0	1593
459		3	75		0		59		4	11		3	1	1695
460		3	76		0		60		4	12		3	0	1592
461		3	77		0		61		4	13		3	1	1696
462		3	78		0		62		4	14		3	0	1591
463		3	79		0		63		4	15		3	1	1697
464		3	80		0		32		5	0		3	1	1680
465		3	81		0		33		5	1		3	0	1606
466		3	82		0		34		5	2		3	1	1681
467		3	83		0		35		5	3		3	0	1605
468		3	84		0		36		5	4		3	1	1682
469		3	85		0		37		5	5		3	0	1604
470		3	86		0		38		5	6		3	1	1683
471		3	87		0		39		5	7		3	0	1603
472		3	88		0		40		5	8		3	1	1684
473		3	89		0		41		5	9		3	0	1602
474		3	90		0		42		5	10		3	1	1685
475		3	91		0		43		5	11		3	0	1601
476		3	92		0		44		5	12		3	1	1686
477		3	93		0		45		5	13		3	0	1600
478		3	94		0		46		5	14		3	1	1687
479		3	95		0		47		5	15		3	1	1688
480		3	96		0		31		6	0		3	0	1590
481		3	97		0		30		6	1		3	2	1909
482		3	98		0		29		6	2		3	2	1908
483		3	99		0		28		6	3		3	2	1911
484		3	100		0		27		6	4		3	2	1910
485		3	101		0		26		6	5		3	2	1913
486		3	102		0		25		6	6		3	2	1912
487		3	103		0		24		6	7		3	2	1915
488		3	104		0		23		6	8		3	2	1914
489		3	105		0		22		6	9		3	2	1917
490		3	106		0		21		6	10		3	2	1916
491		3	107		0		20		6	11		3	2	1919
492		3	108		0		19		6	12		3	2	1918
493		3	109		0		18		6	13		3	2	1921
494		3	110		0		17		6	14		3	2	1920
495		3	111		0		16		6	15		3	0	1598
496		3	112		0		15		7	0		3	0	1599
497		3	113		0		14		7	1		3	2	1923
498		3	114		0		13		7	2		3	2	1922
499		3	115		0		12		7	3		3	2	1925
500		3	116		0		11		7	4		3	2	1924
501		3	117		0		10		7	5		3	2	1927
502		3	118		0		9		7	6		3	2	1926
503		3	119		0		8		7	7		3	2	1929
504		3	120		0		7		7	8		3	2	1928
505		3	121		0		6		7	9		3	2	1931
506		3	122		0		5		7	10		3	2	1930
507		3	123		0		4		7	11		3	2	1933
508		3	124		0		3		7	12		3	2	1932
509		3	125		0		2		7	13		3	2	1935
510		3	126		0		1		7	14		3	2	1934
511		3	127		0		0		7	15		3	0	1607
512		4	0		1		32		0	0		2	1	1294
513		4	1		1		33		0	1		2	0	1112
514		4	2		1		34		0	2		2	1	1295
515		4	3		1		35		0	3		2	0	1111
516		4	4		1		36		0	4		2	1	1296
517		4	5		1		37		0	5		2	0	1110
518		4	6		1		38		0	6		2	1	1297
519		4	7		1		39		0	7		2	0	1109
520		4	8		1		40		0	8		2	1	1298
521		4	9		1		41		0	9		2	0	1108
522		4	10		1		42		0	10		2	1	1299
523		4	11		1		43		0	11		2	0	1107
524		4	12		1		44		0	12		2	1	1300
525		4	13		1		45		0	13		2	0	1106
526		4	14		1		46		0	14		2	1	1301
527		4	15		1		47		0	15		2	1	1302
528		4	16		1		48		1	0		2	1	1303
529		4	17		1		49		1	1		2	1	1304
530		4	18		1		50		1	2		2	0	1103
531		4	19		1		51		1	3		2	1	1305
532		4	20		1		52		1	4		2	0	1102
533		4	21		1		53		1	5		2	1	1306
534		4	22		1		54		1	6		2	0	1101
535		4	23		1		55		1	7		2	1	1307
536		4	24		1		56		1	8		2	0	1100
537		4	25		1		57		1	9		2	1	1308
538		4	26		1		58		1	10		2	0	1099
539		4	27		1		59		1	11		2	1	1309
540		4	28		1		60		1	12		2	0	1098
541		4	29		1		61		1	13		2	1	1310
542		4	30		1		62		1	14		2	0	1097
543		4	31		1		63		1	15		2	1	1311
544		4	32		1		15		2	0		2	0	1105
545		4	33		1		14		2	1		2	2	1520
546		4	34		1		13		2	2		2	2	1521
547		4	35		1		12		2	3		2	2	1518
548		4	36		1		11		2	4		2	2	1519
549		4	37		1		10		2	5		2	2	1516
550		4	38		1		9		2	6		2	2	1517
551		4	39		1		8		2	7		2	2	1514
552		4	40		1		7		2	8		2	2	1515
553		4	41		1		6		2	9		2	2	1512
554		4	42		1		5		2	10		2	2	1513
555		4	43		1		4		2	11		2	2	1510
556		4	44		1		3		2	12		2	2	1511
557		4	45		1		2		2	13		2	2	1508
558		4	46		1		1		2	14		2	2	1509
559		4	47		1		0		2	15		2	0	1113
560		4	48		1		31		3	0		2	0	1096
561		4	49		1		30		3	1		2	2	1534
562		4	50		1		29		3	2		2	2	1535
563		4	51		1		28		3	3		2	2	1532
564		4	52		1		27		3	4		2	2	1533
565		4	53		1		26		3	5		2	2	1530
566		4	54		1		25		3	6		2	2	1531
567		4	55		1		24		3	7		2	2	1528
568		4	56		1		23		3	8		2	2	1529
569		4	57		1		22		3	9		2	2	1526
570		4	58		1		21		3	10		2	2	1527
571		4	59		1		20		3	11		2	2	1524
572		4	60		1		19		3	12		2	2	1525
573		4	61		1		18		3	13		2	2	1522
574		4	62		1		17		3	14		2	2	1523
575		4	63		1		16		3	15		2	0	1104
576		4	64		0		48		4	0		2	1	1285
577		4	65		0		49		4	1		2	1	1286
578		4	66		0		50		4	2		2	0	1121
579		4	67		0		51		4	3		2	1	1287
580		4	68		0		52		4	4		2	0	1120
581		4	69		0		53		4	5		2	1	1288
582		4	70		0		54		4	6		2	0	1119
583		4	71		0		55		4	7		2	1	1289
584		4	72		0		56		4	8		2	0	1118
585		4	73		0		57		4	9		2	1	1290
586		4	74		0		58		4	10		2	0	1117
587		4	75		0		59		4	11		2	1	1291
588		4	76		0		60		4	12		2	0	1116
589		4	77		0		61		4	13		2	1	1292
590		4	78		0		62		4	14		2	0	1115
591		4	79		0		63		4	15		2	1	1293
592		4	80		0		32		5	0		2	1	1276
593		4	81		0		33		5	1		2	0	1130
594		4	82		0		34		5	2		2	1	1277
595		4	83		0		35		5	3		2	0	1129
596		4	84		0		36		5	4		2	1	1278
597		4	85		0		37		5	5		2	0	1128
598		4	86		0		38		5	6		2	1	1279
599		4	87		0		39		5	7		2	0	1127
600		4	88		0		40		5	8		2	1	1280
601		4	89		0		41		5	9		2	0	1126
602		4	90		0		42		5	10		2	1	1281
603		4	91		0		43		5	11		2	0	1125
604		4	92		0		44		5	12		2	1	1282
605		4	93		0		45		5	13		2	0	1124
606		4	94		0		46		5	14		2	1	1283
607		4	95		0		47		5	15		2	1	1284
608		4	96		0		31		6	0		2	0	1114
609		4	97		0		30		6	1		2	2	1506
610		4	98		0		29		6	2		2	2	1507
611		4	99		0		28		6	3		2	2	1504
612		4	100		0		27		6	4		2	2	1505
613		4	101		0		26		6	5		2	2	1502
614		4	102		0		25		6	6		2	2	1503
615		4	103		0		24		6	7		2	2	1500
616		4	104		0		23		6	8		2	2	1501
617		4	105		0		22		6	9		2	2	1498
618		4	106		0		21		6	10		2	2	1499
619		4	107		0		20		6	11		2	2	1496
620		4	108		0		19		6	12		2	2	1497
621		4	109		0		18		6	13		2	2	1494
622		4	110		0		17		6	14		2	2	1495
623		4	111		0		16		6	15		2	0	1122
624		4	112		0		15		7	0		2	0	1123
625		4	113		0		14		7	1		2	2	1492
626		4	114		0		13		7	2		2	2	1493
627		4	115		0		12		7	3		2	2	1490
628		4	116		0		11		7	4		2	2	1491
629		4	117		0		10		7	5		2	2	1488
630		4	118		0		9		7	6		2	2	1489
631		4	119		0		8		7	7		2	2	1486
632		4	120		0		7		7	8		2	2	1487
633		4	121		0		6		7	9		2	2	1484
634		4	122		0		5		7	10		2	2	1485
635		4	123		0		4		7	11		2	2	1482
636		4	124		0		3		7	12		2	2	1483
637		4	125		0		2		7	13		2	2	1480
638		4	126		0		1		7	14		2	2	1481
639		4	127		0		0		7	15		2	0	1131
640		5	0		1		32		0	0		2	1	1258
641		5	1		1		33		0	1		2	0	1148
642		5	2		1		34		0	2		2	1	1259
643		5	3		1		35		0	3		2	0	1147
644		5	4		1		36		0	4		2	1	1260
645		5	5		1		37		0	5		2	0	1146
646		5	6		1		38		0	6		2	1	1261
647		5	7		1		39		0	7		2	0	1145
648		5	8		1		40		0	8		2	1	1262
649		5	9		1		41		0	9		2	0	1144
650		5	10		1		42		0	10		2	1	1263
651		5	11		1		43		0	11		2	0	1143
652		5	12		1		44		0	12		2	1	1264
653		5	13		1		45		0	13		2	0	1142
654		5	14		1		46		0	14		2	1	1265
655		5	15		1		47		0	15		2	1	1266
656		5	16		1		48		1	0		2	1	1267
657		5	17		1		49		1	1		2	1	1268
658		5	18		1		50		1	2		2	0	1139
659		5	19		1		51		1	3		2	1	1269
660		5	20		1		52		1	4		2	0	1138
661		5	21		1		53		1	5		2	1	1270
662		5	22		1		54		1	6		2	0	1137
663		5	23		1		55		1	7		2	1	1271
664		5	24		1		56		1	8		2	0	1136
665		5	25		1		57		1	9		2	1	1272
666		5	26		1		58		1	10		2	0	1135
667		5	27		1		59		1	11		2	1	1273
668		5	28		1		60		1	12		2	0	1134
669		5	29		1		61		1	13		2	1	1274
670		5	30		1		62		1	14		2	0	1133
671		5	31		1		63		1	15		2	1	1275
672		5	32		1		15		2	0		2	0	1141
673		5	33		1		14		2	1		2	2	1464
674		5	34		1		13		2	2		2	2	1465
675		5	35		1		12		2	3		2	2	1462
676		5	36		1		11		2	4		2	2	1463
677		5	37		1		10		2	5		2	2	1460
678		5	38		1		9		2	6		2	2	1461
679		5	39		1		8		2	7		2	2	1458
680		5	40		1		7		2	8		2	2	1459
681		5	41		1		6		2	9		2	2	1456
682		5	42		1		5		2	10		2	2	1457
683		5	43		1		4		2	11		2	2	1454
684		5	44		1		3		2	12		2	2	1455
685		5	45		1		2		2	13		2	2	1452
686		5	46		1		1		2	14		2	2	1453
687		5	47		1		0		2	15		2	0	1149
688		5	48		1		31		3	0		2	0	1132
689		5	49		1		30		3	1		2	2	1478
690		5	50		1		29		3	2		2	2	1479
691		5	51		1		28		3	3		2	2	1476
692		5	52		1		27		3	4		2	2	1477
693		5	53		1		26		3	5		2	2	1474
694		5	54		1		25		3	6		2	2	1475
695		5	55		1		24		3	7		2	2	1472
696		5	56		1		23		3	8		2	2	1473
697		5	57		1		22		3	9		2	2	1470
698		5	58		1		21		3	10		2	2	1471
699		5	59		1		20		3	11		2	2	1468
700		5	60		1		19		3	12		2	2	1469
701		5	61		1		18		3	13		2	2	1466
702		5	62		1		17		3	14		2	2	1467
703		5	63		1		16		3	15		2	0	1140
704		5	64		0		48		4	0		2	1	1249
705		5	65		0		49		4	1		2	1	1250
706		5	66		0		50		4	2		2	0	1157
707		5	67		0		51		4	3		2	1	1251
708		5	68		0		52		4	4		2	0	1156
709		5	69		0		53		4	5		2	1	1252
710		5	70		0		54		4	6		2	0	1155
711		5	71		0		55		4	7		2	1	1253
712		5	72		0		56		4	8		2	0	1154
713		5	73		0		57		4	9		2	1	1254
714		5	74		0		58		4	10		2	0	1153
715		5	75		0		59		4	11		2	1	1255
716		5	76		0		60		4	12		2	0	1152
717		5	77		0		61		4	13		2	1	1256
718		5	78		0		62		4	14		2	0	1151
719		5	79		0		63		4	15		2	1	1257
720		5	80		0		32		5	0		2	1	1240
721		5	81		0		33		5	1		2	0	1166
722		5	82		0		34		5	2		2	1	1241
723		5	83		0		35		5	3		2	0	1165
724		5	84		0		36		5	4		2	1	1242
725		5	85		0		37		5	5		2	0	1164
726		5	86		0		38		5	6		2	1	1243
727		5	87		0		39		5	7		2	0	1163
728		5	88		0		40		5	8		2	1	1244
729		5	89		0		41		5	9		2	0	1162
730		5	90		0		42		5	10		2	1	1245
731		5	91		0		43		5	11		2	0	1161
732		5	92		0		44		5	12		2	1	1246
733		5	93		0		45		5	13		2	0	1160
734		5	94		0		46		5	14		2	1	1247
735		5	95		0		47		5	15		2	1	1248
736		5	96		0		31		6	0		2	0	1150
737		5	97		0		30		6	1		2	2	1450
738		5	98		0		29		6	2		2	2	1451
739		5	99		0		28		6	3		2	2	1448
740		5	100		0		27		6	4		2	2	1449
741		5	101		0		26		6	5		2	2	1446
742		5	102		0		25		6	6		2	2	1447
743		5	103		0		24		6	7		2	2	1444
744		5	104		0		23		6	8		2	2	1445
745		5	105		0		22		6	9		2	2	1442
746		5	106		0		21		6	10		2	2	1443
747		5	107		0		20		6	11		2	2	1440
748		5	108		0		19		6	12		2	2	1441
749		5	109		0		18		6	13		2	2	1438
750		5	110		0		17		6	14		2	2	1439
751		5	111		0		16		6	15		2	0	1158
752		5	112		0		15		7	0		2	0	1159
753		5	113		0		14		7	1		2	2	1436
754		5	114		0		13		7	2		2	2	1437
755		5	115		0		12		7	3		2	2	1434
756		5	116		0		11		7	4		2	2	1435
757		5	117		0		10		7	5		2	2	1432
758		5	118		0		9		7	6		2	2	1433
759		5	119		0		8		7	7		2	2	1430
760		5	120		0		7		7	8		2	2	1431
761		5	121		0		6		7	9		2	2	1428
762		5	122		0		5		7	10		2	2	1429
763		5	123		0		4		7	11		2	2	1426
764		5	124		0		3		7	12		2	2	1427
765		5	125		0		2		7	13		2	2	1424
766		5	126		0		1		7	14		2	2	1425
767		5	127		0		0		7	15		2	0	1167
768		6	0		1		32		0	0		2	1	1222
769		6	1		1		33		0	1		2	0	1040
770		6	2		1		34		0	2		2	1	1223
771		6	3		1		35		0	3		2	0	1039
772		6	4		1		36		0	4		2	1	1224
773		6	5		1		37		0	5		2	0	1038
774		6	6		1		38		0	6		2	1	1225
775		6	7		1		39		0	7		2	0	1037
776		6	8		1		40		0	8		2	1	1226
777		6	9		1		41		0	9		2	0	1036
778		6	10		1		42		0	10		2	1	1227
779		6	11		1		43		0	11		2	0	1035
780		6	12		1		44		0	12		2	1	1228
781		6	13		1		45		0	13		2	0	1034
782		6	14		1		46		0	14		2	1	1229
783		6	15		1		47		0	15		2	1	1230
784		6	16		1		48		1	0		2	1	1231
785		6	17		1		49		1	1		2	1	1232
786		6	18		1		50		1	2		2	0	1031
787		6	19		1		51		1	3		2	1	1233
788		6	20		1		52		1	4		2	0	1030
789		6	21		1		53		1	5		2	1	1234
790		6	22		1		54		1	6		2	0	1029
791		6	23		1		55		1	7		2	1	1235
792		6	24		1		56		1	8		2	0	1028
793		6	25		1		57		1	9		2	1	1236
794		6	26		1		58		1	10		2	0	1027
795		6	27		1		59		1	11		2	1	1237
796		6	28		1		60		1	12		2	0	1026
797		6	29		1		61		1	13		2	1	1238
798		6	30		1		62		1	14		2	0	1025
799		6	31		1		63		1	15		2	1	1239
800		6	32		1		15		2	0		2	0	1033
801		6	33		1		14		2	1		2	2	1327
802		6	34		1		13		2	2		2	2	1326
803		6	35		1		12		2	3		2	2	1329
804		6	36		1		11		2	4		2	2	1328
805		6	37		1		10		2	5		2	2	1331
806		6	38		1		9		2	6		2	2	1330
807		6	39		1		8		2	7		2	2	1333
808		6	40		1		7		2	8		2	2	1332
809		6	41		1		6		2	9		2	2	1335
810		6	42		1		5		2	10		2	2	1334
811		6	43		1		4		2	11		2	2	1337
812		6	44		1		3		2	12		2	2	1336
813		6	45		1		2		2	13		2	2	1339
814		6	46		1		1		2	14		2	2	1338
815		6	47		1		0		2	15		2	0	1041
816		6	48		1		31		3	0		2	0	1024
817		6	49		1		30		3	1		2	2	1313
818		6	50		1		29		3	2		2	2	1312
819		6	51		1		28		3	3		2	2	1315
820		6	52		1		27		3	4		2	2	1314
821		6	53		1		26		3	5		2	2	1317
822		6	54		1		25		3	6		2	2	1316
823		6	55		1		24		3	7		2	2	1319
824		6	56		1		23		3	8		2	2	1318
825		6	57		1		22		3	9		2	2	1321
826		6	58		1		21		3	10		2	2	1320
827		6	59		1		20		3	11		2	2	1323
828		6	60		1		19		3	12		2	2	1322
829		6	61		1		18		3	13		2	2	1325
830		6	62		1		17		3	14		2	2	1324
831		6	63		1		16		3	15		2	0	1032
832		6	64		0		48		4	0		2	1	1213
833		6	65		0		49		4	1		2	1	1214
834		6	66		0		50		4	2		2	0	1049
835		6	67		0		51		4	3		2	1	1215
836		6	68		0		52		4	4		2	0	1048
837		6	69		0		53		4	5		2	1	1216
838		6	70		0		54		4	6		2	0	1047
839		6	71		0		55		4	7		2	1	1217
840		6	72		0		56		4	8		2	0	1046
841		6	73		0		57		4	9		2	1	1218
842		6	74		0		58		4	10		2	0	1045
843		6	75		0		59		4	11		2	1	1219
844		6	76		0		60		4	12		2	0	1044
845		6	77		0		61		4	13		2	1	1220
846		6	78		0		62		4	14		2	0	1043
847		6	79		0		63		4	15		2	1	1221
848		6	80		0		32		5	0		2	1	1204
849		6	81		0		33		5	1		2	0	1058
850		6	82		0		34		5	2		2	1	1205
851		6	83		0		35		5	3		2	0	1057
852		6	84		0		36		5	4		2	1	1206
853		6	85		0		37		5	5		2	0	1056
854		6	86		0		38		5	6		2	1	1207
855		6	87		0		39		5	7		2	0	1055
856		6	88		0		40		5	8		2	1	1208
857		6	89		0		41		5	9		2	0	1054
858		6	90		0		42		5	10		2	1	1209
859		6	91		0		43		5	11		2	0	1053
860		6	92		0		44		5	12		2	1	1210
861		6	93		0		45		5	13		2	0	1052
862		6	94		0		46		5	14		2	1	1211
863		6	95		0		47		5	15		2	1	1212
864		6	96		0		31		6	0		2	0	1042
865		6	97		0		30		6	1		2	2	1341
866		6	98		0		29		6	2		2	2	1340
867		6	99		0		28		6	3		2	2	1343
868		6	100		0		27		6	4		2	2	1342
869		6	101		0		26		6	5		2	2	1345
870		6	102		0		25		6	6		2	2	1344
871		6	103		0		24		6	7		2	2	1347
872		6	104		0		23		6	8		2	2	1346
873		6	105		0		22		6	9		2	2	1349
874		6	106		0		21		6	10		2	2	1348
875		6	107		0		20		6	11		2	2	1351
876		6	108		0		19		6	12		2	2	1350
877		6	109		0		18		6	13		2	2	1353
878		6	110		0		17		6	14		2	2	1352
879		6	111		0		16		6	15		2	0	1050
880		6	112		0		15		7	0		2	0	1051
881		6	113		0		14		7	1		2	2	1355
882		6	114		0		13		7	2		2	2	1354
883		6	115		0		12		7	3		2	2	1357
884		6	116		0		11		7	4		2	2	1356
885		6	117		0		10		7	5		2	2	1359
886		6	118		0		9		7	6		2	2	1358
887		6	119		0		8		7	7		2	2	1361
888		6	120		0		7		7	8		2	2	1360
889		6	121		0		6		7	9		2	2	1363
890		6	122		0		5		7	10		2	2	1362
891		6	123		0		4		7	11		2	2	1365
892		6	124		0		3		7	12		2	2	1364
893		6	125		0		2		7	13		2	2	1367
894		6	126		0		1		7	14		2	2	1366
895		6	127		0		0		7	15		2	0	1059
896		7	0		1		32		0	0		2	1	1186
897		7	1		1		33		0	1		2	0	1076
898		7	2		1		34		0	2		2	1	1187
899		7	3		1		35		0	3		2	0	1075
900		7	4		1		36		0	4		2	1	1188
901		7	5		1		37		0	5		2	0	1074
902		7	6		1		38		0	6		2	1	1189
903		7	7		1		39		0	7		2	0	1073
904		7	8		1		40		0	8		2	1	1190
905		7	9		1		41		0	9		2	0	1072
906		7	10		1		42		0	10		2	1	1191
907		7	11		1		43		0	11		2	0	1071
908		7	12		1		44		0	12		2	1	1192
909		7	13		1		45		0	13		2	0	1070
910		7	14		1		46		0	14		2	1	1193
911		7	15		1		47		0	15		2	1	1194
912		7	16		1		48		1	0		2	1	1195
913		7	17		1		49		1	1		2	1	1196
914		7	18		1		50		1	2		2	0	1067
915		7	19		1		51		1	3		2	1	1197
916		7	20		1		52		1	4		2	0	1066
917		7	21		1		53		1	5		2	1	1198
918		7	22		1		54		1	6		2	0	1065
919		7	23		1		55		1	7		2	1	1199
920		7	24		1		56		1	8		2	0	1064
921		7	25		1		57		1	9		2	1	1200
922		7	26		1		58		1	10		2	0	1063
923		7	27		1		59		1	11		2	1	1201
924		7	28		1		60		1	12		2	0	1062
925		7	29		1		61		1	13		2	1	1202
926		7	30		1		62		1	14		2	0	1061
927		7	31		1		63		1	15		2	1	1203
928		7	32		1		15		2	0		2	0	1069
929		7	33		1		14		2	1		2	2	1383
930		7	34		1		13		2	2		2	2	1382
931		7	35		1		12		2	3		2	2	1385
932		7	36		1		11		2	4		2	2	1384
933		7	37		1		10		2	5		2	2	1387
934		7	38		1		9		2	6		2	2	1386
935		7	39		1		8		2	7		2	2	1389
936		7	40		1		7		2	8		2	2	1388
937		7	41		1		6		2	9		2	2	1391
938		7	42		1		5		2	10		2	2	1390
939		7	43		1		4		2	11		2	2	1393
940		7	44		1		3		2	12		2	2	1392
941		7	45		1		2		2	13		2	2	1395
942		7	46		1		1		2	14		2	2	1394
943		7	47		1		0		2	15		2	0	1077
944		7	48		1		31		3	0		2	0	1060
945		7	49		1		30		3	1		2	2	1369
946		7	50		1		29		3	2		2	2	1368
947		7	51		1		28		3	3		2	2	1371
948		7	52		1		27		3	4		2	2	1370
949		7	53		1		26		3	5		2	2	1373
950		7	54		1		25		3	6		2	2	1372
951		7	55		1		24		3	7		2	2	1375
952		7	56		1		23		3	8		2	2	1374
953		7	57		1		22		3	9		2	2	1377
954		7	58		1		21		3	10		2	2	1376
955		7	59		1		20		3	11		2	2	1379
956		7	60		1		19		3	12		2	2	1378
957		7	61		1		18		3	13		2	2	1381
958		7	62		1		17		3	14		2	2	1380
959		7	63		1		16		3	15		2	0	1068
960		7	64		0		48		4	0		2	1	1177
961		7	65		0		49		4	1		2	1	1178
962		7	66		0		50		4	2		2	0	1085
963		7	67		0		51		4	3		2	1	1179
964		7	68		0		52		4	4		2	0	1084
965		7	69		0		53		4	5		2	1	1180
966		7	70		0		54		4	6		2	0	1083
967		7	71		0		55		4	7		2	1	1181
968		7	72		0		56		4	8		2	0	1082
969		7	73		0		57		4	9		2	1	1182
970		7	74		0		58		4	10		2	0	1081
971		7	75		0		59		4	11		2	1	1183
972		7	76		0		60		4	12		2	0	1080
973		7	77		0		61		4	13		2	1	1184
974		7	78		0		62		4	14		2	0	1079
975		7	79		0		63		4	15		2	1	1185
976		7	80		0		32		5	0		2	1	1168
977		7	81		0		33		5	1		2	0	1094
978		7	82		0		34		5	2		2	1	1169
979		7	83		0		35		5	3		2	0	1093
980		7	84		0		36		5	4		2	1	1170
981		7	85		0		37		5	5		2	0	1092
982		7	86		0		38		5	6		2	1	1171
983		7	87		0		39		5	7		2	0	1091
984		7	88		0		40		5	8		2	1	1172
985		7	89		0		41		5	9		2	0	1090
986		7	90		0		42		5	10		2	1	1173
987		7	91		0		43		5	11		2	0	1089
988		7	92		0		44		5	12		2	1	1174
989		7	93		0		45		5	13		2	0	1088
990		7	94		0		46		5	14		2	1	1175
991		7	95		0		47		5	15		2	1	1176
992		7	96		0		31		6	0		2	0	1078
993		7	97		0		30		6	1		2	2	1397
994		7	98		0		29		6	2		2	2	1396
995		7	99		0		28		6	3		2	2	1399
996		7	100		0		27		6	4		2	2	1398
997		7	101		0		26		6	5		2	2	1401
998		7	102		0		25		6	6		2	2	1400
999		7	103		0		24		6	7		2	2	1403
1000		7	104		0		23		6	8		2	2	1402
1001		7	105		0		22		6	9		2	2	1405
1002		7	106		0		21		6	10		2	2	1404
1003		7	107		0		20		6	11		2	2	1407
1004		7	108		0		19		6	12		2	2	1406
1005		7	109		0		18		6	13		2	2	1409
1006		7	110		0		17		6	14		2	2	1408
1007		7	111		0		16		6	15		2	0	1086
1008		7	112		0		15		7	0		2	0	1087
1009		7	113		0		14		7	1		2	2	1411
1010		7	114		0		13		7	2		2	2	1410
1011		7	115		0		12		7	3		2	2	1413
1012		7	116		0		11		7	4		2	2	1412
1013		7	117		0		10		7	5		2	2	1415
1014		7	118		0		9		7	6		2	2	1414
1015		7	119		0		8		7	7		2	2	1417
1016		7	120		0		7		7	8		2	2	1416
1017		7	121		0		6		7	9		2	2	1419
1018		7	122		0		5		7	10		2	2	1418
1019		7	123		0		4		7	11		2	2	1421
1020		7	124		0		3		7	12		2	2	1420
1021		7	125		0		2		7	13		2	2	1423
1022		7	126		0		1		7	14		2	2	1422
1023		7	127		0		0		7	15		2	0	1095
1024		8	0		1		32		0	0		0	1	270
1025		8	1		1		33		0	1		0	0	88
1026		8	2		1		34		0	2		0	1	271
1027		8	3		1		35		0	3		0	0	87
1028		8	4		1		36		0	4		0	1	272
1029		8	5		1		37		0	5		0	0	86
1030		8	6		1		38		0	6		0	1	273
1031		8	7		1		39		0	7		0	0	85
1032		8	8		1		40		0	8		0	1	274
1033		8	9		1		41		0	9		0	0	84
1034		8	10		1		42		0	10		0	1	275
1035		8	11		1		43		0	11		0	0	83
1036		8	12		1		44		0	12		0	1	276
1037		8	13		1		45		0	13		0	0	82
1038		8	14		1		46		0	14		0	1	277
1039		8	15		1		47		0	15		0	1	278
1040		8	16		1		48		1	0		0	1	279
1041		8	17		1		49		1	1		0	1	280
1042		8	18		1		50		1	2		0	0	79
1043		8	19		1		51		1	3		0	1	281
1044		8	20		1		52		1	4		0	0	78
1045		8	21		1		53		1	5		0	1	282
1046		8	22		1		54		1	6		0	0	77
1047		8	23		1		55		1	7		0	1	283
1048		8	24		1		56		1	8		0	0	76
1049		8	25		1		57		1	9		0	1	284
1050		8	26		1		58		1	10		0	0	75
1051		8	27		1		59		1	11		0	1	285
1052		8	28		1		60		1	12		0	0	74
1053		8	29		1		61		1	13		0	1	286
1054		8	30		1		62		1	14		0	0	73
1055		8	31		1		63		1	15		0	1	287
1056		8	32		1		15		2	0		0	0	81
1057		8	33		1		14		2	1		0	2	496
1058		8	34		1		13		2	2		0	2	497
1059		8	35		1		12		2	3		0	2	494
1060		8	36		1		11		2	4		0	2	495
1061		8	37		1		10		2	5		0	2	492
1062		8	38		1		9		2	6		0	2	493
1063		8	39		1		8		2	7		0	2	490
1064		8	40		1		7		2	8		0	2	491
1065		8	41		1		6		2	9		0	2	488
1066		8	42		1		5		2	10		0	2	489
1067		8	43		1		4		2	11		0	2	486
1068		8	44		1		3		2	12		0	2	487
1069		8	45		1		2		2	13		0	2	484
1070		8	46		1		1		2	14		0	2	485
1071		8	47		1		0		2	15		0	0	89
1072		8	48		1		31		3	0		0	0	72
1073		8	49		1		30		3	1		0	2	510
1074		8	50		1		29		3	2		0	2	511
1075		8	51		1		28		3	3		0	2	508
1076		8	52		1		27		3	4		0	2	509
1077		8	53		1		26		3	5		0	2	506
1078		8	54		1		25		3	6		0	2	507
1079		8	55		1		24		3	7		0	2	504
1080		8	56		1		23		3	8		0	2	505
1081		8	57		1		22		3	9		0	2	502
1082		8	58		1		21		3	10		0	2	503
1083		8	59		1		20		3	11		0	2	500
1084		8	60		1		19		3	12		0	2	501
1085		8	61		1		18		3	13		0	2	498
1086		8	62		1		17		3	14		0	2	499
1087		8	63		1		16		3	15		0	0	80
1088		8	64		0		48		4	0		0	1	261
1089		8	65		0		49		4	1		0	1	262
1090		8	66		0		50		4	2		0	0	97
1091		8	67		0		51		4	3		0	1	263
1092		8	68		0		52		4	4		0	0	96
1093		8	69		0		53		4	5		0	1	264
1094		8	70		0		54		4	6		0	0	95
1095		8	71		0		55		4	7		0	1	265
1096		8	72		0		56		4	8		0	0	94
1097		8	73		0		57		4	9		0	1	266
1098		8	74		0		58		4	10		0	0	93
1099		8	75		0		59		4	11		0	1	267
1100		8	76		0		60		4	12		0	0	92
1101		8	77		0		61		4	13		0	1	268
1102		8	78		0		62		4	14		0	0	91
1103		8	79		0		63		4	15		0	1	269
1104		8	80		0		32		5	0		0	1	252
1105		8	81		0		33		5	1		0	0	106
1106		8	82		0		34		5	2		0	1	253
1107		8	83		0		35		5	3		0	0	105
1108		8	84		0		36		5	4		0	1	254
1109		8	85		0		37		5	5		0	0	104
1110		8	86		0		38		5	6		0	1	255
1111		8	87		0		39		5	7		0	0	103
1112		8	88		0		40		5	8		0	1	256
1113		8	89		0		41		5	9		0	0	102
1114		8	90		0		42		5	10		0	1	257
1115		8	91		0		43		5	11		0	0	101
1116		8	92		0		44		5	12		0	1	258
1117		8	93		0		45		5	13		0	0	100
1118		8	94		0		46		5	14		0	1	259
1119		8	95		0		47		5	15		0	1	260
1120		8	96		0		31		6	0		0	0	90
1121		8	97		0		30		6	1		0	2	482
1122		8	98		0		29		6	2		0	2	483
1123		8	99		0		28		6	3		0	2	480
1124		8	100		0		27		6	4		0	2	481
1125		8	101		0		26		6	5		0	2	478
1126		8	102		0		25		6	6		0	2	479
1127		8	103		0		24		6	7		0	2	476
1128		8	104		0		23		6	8		0	2	477
1129		8	105		0		22		6	9		0	2	474
1130		8	106		0		21		6	10		0	2	475
1131		8	107		0		20		6	11		0	2	472
1132		8	108		0		19		6	12		0	2	473
1133		8	109		0		18		6	13		0	2	470
1134		8	110		0		17		6	14		0	2	471
1135		8	111		0		16		6	15		0	0	98
1136		8	112		0		15		7	0		0	0	99
1137		8	113		0		14		7	1		0	2	468
1138		8	114		0		13		7	2		0	2	469
1139		8	115		0		12		7	3		0	2	466
1140		8	116		0		11		7	4		0	2	467
1141		8	117		0		10		7	5		0	2	464
1142		8	118		0		9		7	6		0	2	465
1143		8	119		0		8		7	7		0	2	462
1144		8	120		0		7		7	8		0	2	463
1145		8	121		0		6		7	9		0	2	460
1146		8	122		0		5		7	10		0	2	461
1147		8	123		0		4		7	11		0	2	458
1148		8	124		0		3		7	12		0	2	459
1149		8	125		0		2		7	13		0	2	456
1150		8	126		0		1		7	14		0	2	457
1151		8	127		0		0		7	15		0	0	107
1152		9	0		1		32		0	0		0	1	234
1153		9	1		1		33		0	1		0	0	124
1154		9	2		1		34		0	2		0	1	235
1155		9	3		1		35		0	3		0	0	123
1156		9	4		1		36		0	4		0	1	236
1157		9	5		1		37		0	5		0	0	122
1158		9	6		1		38		0	6		0	1	237
1159		9	7		1		39		0	7		0	0	121
1160		9	8		1		40		0	8		0	1	238
1161		9	9		1		41		0	9		0	0	120
1162		9	10		1		42		0	10		0	1	239
1163		9	11		1		43		0	11		0	0	119
1164		9	12		1		44		0	12		0	1	240
1165		9	13		1		45		0	13		0	0	118
1166		9	14		1		46		0	14		0	1	241
1167		9	15		1		47		0	15		0	1	242
1168		9	16		1		48		1	0		0	1	243
1169		9	17		1		49		1	1		0	1	244
1170		9	18		1		50		1	2		0	0	115
1171		9	19		1		51		1	3		0	1	245
1172		9	20		1		52		1	4		0	0	114
1173		9	21		1		53		1	5		0	1	246
1174		9	22		1		54		1	6		0	0	113
1175		9	23		1		55		1	7		0	1	247
1176		9	24		1		56		1	8		0	0	112
1177		9	25		1		57		1	9		0	1	248
1178		9	26		1		58		1	10		0	0	111
1179		9	27		1		59		1	11		0	1	249
1180		9	28		1		60		1	12		0	0	110
1181		9	29		1		61		1	13		0	1	250
1182		9	30		1		62		1	14		0	0	109
1183		9	31		1		63		1	15		0	1	251
1184		9	32		1		15		2	0		0	0	117
1185		9	33		1		14		2	1		0	2	440
1186		9	34		1		13		2	2		0	2	441
1187		9	35		1		12		2	3		0	2	438
1188		9	36		1		11		2	4		0	2	439
1189		9	37		1		10		2	5		0	2	436
1190		9	38		1		9		2	6		0	2	437
1191		9	39		1		8		2	7		0	2	434
1192		9	40		1		7		2	8		0	2	435
1193		9	41		1		6		2	9		0	2	432
1194		9	42		1		5		2	10		0	2	433
1195		9	43		1		4		2	11		0	2	430
1196		9	44		1		3		2	12		0	2	431
1197		9	45		1		2		2	13		0	2	428
1198		9	46		1		1		2	14		0	2	429
1199		9	47		1		0		2	15		0	0	125
1200		9	48		1		31		3	0		0	0	108
1201		9	49		1		30		3	1		0	2	454
1202		9	50		1		29		3	2		0	2	455
1203		9	51		1		28		3	3		0	2	452
1204		9	52		1		27		3	4		0	2	453
1205		9	53		1		26		3	5		0	2	450
1206		9	54		1		25		3	6		0	2	451
1207		9	55		1		24		3	7		0	2	448
1208		9	56		1		23		3	8		0	2	449
1209		9	57		1		22		3	9		0	2	446
1210		9	58		1		21		3	10		0	2	447
1211		9	59		1		20		3	11		0	2	444
1212		9	60		1		19		3	12		0	2	445
1213		9	61		1		18		3	13		0	2	442
1214		9	62		1		17		3	14		0	2	443
1215		9	63		1		16		3	15		0	0	116
1216		9	64		0		48		4	0		0	1	225
1217		9	65		0		49		4	1		0	1	226
1218		9	66		0		50		4	2		0	0	133
1219		9	67		0		51		4	3		0	1	227
1220		9	68		0		52		4	4		0	0	132
1221		9	69		0		53		4	5		0	1	228
1222		9	70		0		54		4	6		0	0	131
1223		9	71		0		55		4	7		0	1	229
1224		9	72		0		56		4	8		0	0	130
1225		9	73		0		57		4	9		0	1	230
1226		9	74		0		58		4	10		0	0	129
1227		9	75		0		59		4	11		0	1	231
1228		9	76		0		60		4	12		0	0	128
1229		9	77		0		61		4	13		0	1	232
1230		9	78		0		62		4	14		0	0	127
1231		9	79		0		63		4	15		0	1	233
1232		9	80		0		32		5	0		0	1	216
1233		9	81		0		33		5	1		0	0	142
1234		9	82		0		34		5	2		0	1	217
1235		9	83		0		35		5	3		0	0	141
1236		9	84		0		36		5	4		0	1	218
1237		9	85		0		37		5	5		0	0	140
1238		9	86		0		38		5	6		0	1	219
1239		9	87		0		39		5	7		0	0	139
1240		9	88		0		40		5	8		0	1	220
1241		9	89		0		41		5	9		0	0	138
1242		9	90		0		42		5	10		0	1	221
1243		9	91		0		43		5	11		0	0	137
1244		9	92		0		44		5	12		0	1	222
1245		9	93		0		45		5	13		0	0	136
1246		9	94		0		46		5	14		0	1	223
1247		9	95		0		47		5	15		0	1	224
1248		9	96		0		31		6	0		0	0	126
1249		9	97		0		30		6	1		0	2	426
1250		9	98		0		29		6	2		0	2	427
1251		9	99		0		28		6	3		0	2	424
1252		9	100		0		27		6	4		0	2	425
1253		9	101		0		26		6	5		0	2	422
1254		9	102		0		25		6	6		0	2	423
1255		9	103		0		24		6	7		0	2	420
1256		9	104		0		23		6	8		0	2	421
1257		9	105		0		22		6	9		0	2	418
1258		9	106		0		21		6	10		0	2	419
1259		9	107		0		20		6	11		0	2	416
1260		9	108		0		19		6	12		0	2	417
1261		9	109		0		18		6	13		0	2	414
1262		9	110		0		17		6	14		0	2	415
1263		9	111		0		16		6	15		0	0	134
1264		9	112		0		15		7	0		0	0	135
1265		9	113		0		14		7	1		0	2	412
1266		9	114		0		13		7	2		0	2	413
1267		9	115		0		12		7	3		0	2	410
1268		9	116		0		11		7	4		0	2	411
1269		9	117		0		10		7	5		0	2	408
1270		9	118		0		9		7	6		0	2	409
1271		9	119		0		8		7	7		0	2	406
1272		9	120		0		7		7	8		0	2	407
1273		9	121		0		6		7	9		0	2	404
1274		9	122		0		5		7	10		0	2	405
1275		9	123		0		4		7	11		0	2	402
1276		9	124		0		3		7	12		0	2	403
1277		9	125		0		2		7	13		0	2	400
1278		9	126		0		1		7	14		0	2	401
1279		9	127		0		0		7	15		0	0	143
1280		10	0		1		32		0	0		0	1	198
1281		10	1		1		33		0	1		0	0	16
1282		10	2		1		34		0	2		0	1	199
1283		10	3		1		35		0	3		0	0	15
1284		10	4		1		36		0	4		0	1	200
1285		10	5		1		37		0	5		0	0	14
1286		10	6		1		38		0	6		0	1	201
1287		10	7		1		39		0	7		0	0	13
1288		10	8		1		40		0	8		0	1	202
1289		10	9		1		41		0	9		0	0	12
1290		10	10		1		42		0	10		0	1	203
1291		10	11		1		43		0	11		0	0	11
1292		10	12		1		44		0	12		0	1	204
1293		10	13		1		45		0	13		0	0	10
1294		10	14		1		46		0	14		0	1	205
1295		10	15		1		47		0	15		0	1	206
1296		10	16		1		48		1	0		0	1	207
1297		10	17		1		49		1	1		0	1	208
1298		10	18		1		50		1	2		0	0	7
1299		10	19		1		51		1	3		0	1	209
1300		10	20		1		52		1	4		0	0	6
1301		10	21		1		53		1	5		0	1	210
1302		10	22		1		54		1	6		0	0	5
1303		10	23		1		55		1	7		0	1	211
1304		10	24		1		56		1	8		0	0	4
1305		10	25		1		57		1	9		0	1	212
1306		10	26		1		58		1	10		0	0	3
1307		10	27		1		59		1	11		0	1	213
1308		10	28		1		60		1	12		0	0	2
1309		10	29		1		61		1	13		0	1	214
1310		10	30		1		62		1	14		0	0	1
1311		10	31		1		63		1	15		0	1	215
1312		10	32		1		15		2	0		0	0	9
1313		10	33		1		14		2	1		0	2	303
1314		10	34		1		13		2	2		0	2	302
1315		10	35		1		12		2	3		0	2	305
1316		10	36		1		11		2	4		0	2	304
1317		10	37		1		10		2	5		0	2	307
1318		10	38		1		9		2	6		0	2	306
1319		10	39		1		8		2	7		0	2	309
1320		10	40		1		7		2	8		0	2	308
1321		10	41		1		6		2	9		0	2	311
1322		10	42		1		5		2	10		0	2	310
1323		10	43		1		4		2	11		0	2	313
1324		10	44		1		3		2	12		0	2	312
1325		10	45		1		2		2	13		0	2	315
1326		10	46		1		1		2	14		0	2	314
1327		10	47		1		0		2	15		0	0	17
1328		10	48		1		31		3	0		0	0	0
1329		10	49		1		30		3	1		0	2	289
1330		10	50		1		29		3	2		0	2	288
1331		10	51		1		28		3	3		0	2	291
1332		10	52		1		27		3	4		0	2	290
1333		10	53		1		26		3	5		0	2	293
1334		10	54		1		25		3	6		0	2	292
1335		10	55		1		24		3	7		0	2	295
1336		10	56		1		23		3	8		0	2	294
1337		10	57		1		22		3	9		0	2	297
1338		10	58		1		21		3	10		0	2	296
1339		10	59		1		20		3	11		0	2	299
1340		10	60		1		19		3	12		0	2	298
1341		10	61		1		18		3	13		0	2	301
1342		10	62		1		17		3	14		0	2	300
1343		10	63		1		16		3	15		0	0	8
1344		10	64		0		48		4	0		0	1	189
1345		10	65		0		49		4	1		0	1	190
1346		10	66		0		50		4	2		0	0	25
1347		10	67		0		51		4	3		0	1	191
1348		10	68		0		52		4	4		0	0	24
1349		10	69		0		53		4	5		0	1	192
1350		10	70		0		54		4	6		0	0	23
1351		10	71		0		55		4	7		0	1	193
1352		10	72		0		56		4	8		0	0	22
1353		10	73		0		57		4	9		0	1	194
1354		10	74		0		58		4	10		0	0	21
1355		10	75		0		59		4	11		0	1	195
1356		10	76		0		60		4	12		0	0	20
1357		10	77		0		61		4	13		0	1	196
1358		10	78		0		62		4	14		0	0	19
1359		10	79		0		63		4	15		0	1	197
1360		10	80		0		32		5	0		0	1	180
1361		10	81		0		33		5	1		0	0	34
1362		10	82		0		34		5	2		0	1	181
1363		10	83		0		35		5	3		0	0	33
1364		10	84		0		36		5	4		0	1	182
1365		10	85		0		37		5	5		0	0	32
1366		10	86		0		38		5	6		0	1	183
1367		10	87		0		39		5	7		0	0	31
1368		10	88		0		40		5	8		0	1	184
1369		10	89		0		41		5	9		0	0	30
1370		10	90		0		42		5	10		0	1	185
1371		10	91		0		43		5	11		0	0	29
1372		10	92		0		44		5	12		0	1	186
1373		10	93		0		45		5	13		0	0	28
1374		10	94		0		46		5	14		0	1	187
1375		10	95		0		47		5	15		0	1	188
1376		10	96		0		31		6	0		0	0	18
1377		10	97		0		30		6	1		0	2	317
1378		10	98		0		29		6	2		0	2	316
1379		10	99		0		28		6	3		0	2	319
1380		10	100		0		27		6	4		0	2	318
1381		10	101		0		26		6	5		0	2	321
1382		10	102		0		25		6	6		0	2	320
1383		10	103		0		24		6	7		0	2	323
1384		10	104		0		23		6	8		0	2	322
1385		10	105		0		22		6	9		0	2	325
1386		10	106		0		21		6	10		0	2	324
1387		10	107		0		20		6	11		0	2	327
1388		10	108		0		19		6	12		0	2	326
1389		10	109		0		18		6	13		0	2	329
1390		10	110		0		17		6	14		0	2	328
1391		10	111		0		16		6	15		0	0	26
1392		10	112		0		15		7	0		0	0	27
1393		10	113		0		14		7	1		0	2	331
1394		10	114		0		13		7	2		0	2	330
1395		10	115		0		12		7	3		0	2	333
1396		10	116		0		11		7	4		0	2	332
1397		10	117		0		10		7	5		0	2	335
1398		10	118		0		9		7	6		0	2	334
1399		10	119		0		8		7	7		0	2	337
1400		10	120		0		7		7	8		0	2	336
1401		10	121		0		6		7	9		0	2	339
1402		10	122		0		5		7	10		0	2	338
1403		10	123		0		4		7	11		0	2	341
1404		10	124		0		3		7	12		0	2	340
1405		10	125		0		2		7	13		0	2	343
1406		10	126		0		1		7	14		0	2	342
1407		10	127		0		0		7	15		0	0	35
1408		11	0		1		32		0	0		0	1	162
1409		11	1		1		33		0	1		0	0	52
1410		11	2		1		34		0	2		0	1	163
1411		11	3		1		35		0	3		0	0	51
1412		11	4		1		36		0	4		0	1	164
1413		11	5		1		37		0	5		0	0	50
1414		11	6		1		38		0	6		0	1	165
1415		11	7		1		39		0	7		0	0	49
1416		11	8		1		40		0	8		0	1	166
1417		11	9		1		41		0	9		0	0	48
1418		11	10		1		42		0	10		0	1	167
1419		11	11		1		43		0	11		0	0	47
1420		11	12		1		44		0	12		0	1	168
1421		11	13		1		45		0	13		0	0	46
1422		11	14		1		46		0	14		0	1	169
1423		11	15		1		47		0	15		0	1	170
1424		11	16		1		48		1	0		0	1	171
1425		11	17		1		49		1	1		0	1	172
1426		11	18		1		50		1	2		0	0	43
1427		11	19		1		51		1	3		0	1	173
1428		11	20		1		52		1	4		0	0	42
1429		11	21		1		53		1	5		0	1	174
1430		11	22		1		54		1	6		0	0	41
1431		11	23		1		55		1	7		0	1	175
1432		11	24		1		56		1	8		0	0	40
1433		11	25		1		57		1	9		0	1	176
1434		11	26		1		58		1	10		0	0	39
1435		11	27		1		59		1	11		0	1	177
1436		11	28		1		60		1	12		0	0	38
1437		11	29		1		61		1	13		0	1	178
1438		11	30		1		62		1	14		0	0	37
1439		11	31		1		63		1	15		0	1	179
1440		11	32		1		15		2	0		0	0	45
1441		11	33		1		14		2	1		0	2	359
1442		11	34		1		13		2	2		0	2	358
1443		11	35		1		12		2	3		0	2	361
1444		11	36		1		11		2	4		0	2	360
1445		11	37		1		10		2	5		0	2	363
1446		11	38		1		9		2	6		0	2	362
1447		11	39		1		8		2	7		0	2	365
1448		11	40		1		7		2	8		0	2	364
1449		11	41		1		6		2	9		0	2	367
1450		11	42		1		5		2	10		0	2	366
1451		11	43		1		4		2	11		0	2	369
1452		11	44		1		3		2	12		0	2	368
1453		11	45		1		2		2	13		0	2	371
1454		11	46		1		1		2	14		0	2	370
1455		11	47		1		0		2	15		0	0	53
1456		11	48		1		31		3	0		0	0	36
1457		11	49		1		30		3	1		0	2	345
1458		11	50		1		29		3	2		0	2	344
1459		11	51		1		28		3	3		0	2	347
1460		11	52		1		27		3	4		0	2	346
1461		11	53		1		26		3	5		0	2	349
1462		11	54		1		25		3	6		0	2	348
1463		11	55		1		24		3	7		0	2	351
1464		11	56		1		23		3	8		0	2	350
1465		11	57		1		22		3	9		0	2	353
1466		11	58		1		21		3	10		0	2	352
1467		11	59		1		20		3	11		0	2	355
1468		11	60		1		19		3	12		0	2	354
1469		11	61		1		18		3	13		0	2	357
1470		11	62		1		17		3	14		0	2	356
1471		11	63		1		16		3	15		0	0	44
1472		11	64		0		48		4	0		0	1	153
1473		11	65		0		49		4	1		0	1	154
1474		11	66		0		50		4	2		0	0	61
1475		11	67		0		51		4	3		0	1	155
1476		11	68		0		52		4	4		0	0	60
1477		11	69		0		53		4	5		0	1	156
1478		11	70		0		54		4	6		0	0	59
1479		11	71		0		55		4	7		0	1	157
1480		11	72		0		56		4	8		0	0	58
1481		11	73		0		57		4	9		0	1	158
1482		11	74		0		58		4	10		0	0	57
1483		11	75		0		59		4	11		0	1	159
1484		11	76		0		60		4	12		0	0	56
1485		11	77		0		61		4	13		0	1	160
1486		11	78		0		62		4	14		0	0	55
1487		11	79		0		63		4	15		0	1	161
1488		11	80		0		32		5	0		0	1	144
1489		11	81		0		33		5	1		0	0	70
1490		11	82		0		34		5	2		0	1	145
1491		11	83		0		35		5	3		0	0	69
1492		11	84		0		36		5	4		0	1	146
1493		11	85		0		37		5	5		0	0	68
1494		11	86		0		38		5	6		0	1	147
1495		11	87		0		39		5	7		0	0	67
1496		11	88		0		40		5	8		0	1	148
1497		11	89		0		41		5	9		0	0	66
1498		11	90		0		42		5	10		0	1	149
1499		11	91		0		43		5	11		0	0	65
1500		11	92		0		44		5	12		0	1	150
1501		11	93		0		45		5	13		0	0	64
1502		11	94		0		46		5	14		0	1	151
1503		11	95		0		47		5	15		0	1	152
1504		11	96		0		31		6	0		0	0	54
1505		11	97		0		30		6	1		0	2	373
1506		11	98		0		29		6	2		0	2	372
1507		11	99		0		28		6	3		0	2	375
1508		11	100		0		27		6	4		0	2	374
1509		11	101		0		26		6	5		0	2	377
1510		11	102		0		25		6	6		0	2	376
1511		11	103		0		24		6	7		0	2	379
1512		11	104		0		23		6	8		0	2	378
1513		11	105		0		22		6	9		0	2	381
1514		11	106		0		21		6	10		0	2	380
1515		11	107		0		20		6	11		0	2	383
1516		11	108		0		19		6	12		0	2	382
1517		11	109		0		18		6	13		0	2	385
1518		11	110		0		17		6	14		0	2	384
1519		11	111		0		16		6	15		0	0	62
1520		11	112		0		15		7	0		0	0	63
1521		11	113		0		14		7	1		0	2	387
1522		11	114		0		13		7	2		0	2	386
1523		11	115		0		12		7	3		0	2	389
1524		11	116		0		11		7	4		0	2	388
1525		11	117		0		10		7	5		0	2	391
1526		11	118		0		9		7	6		0	2	390
1527		11	119		0		8		7	7		0	2	393
1528		11	120		0		7		7	8		0	2	392
1529		11	121		0		6		7	9		0	2	395
1530		11	122		0		5		7	10		0	2	394
1531		11	123		0		4		7	11		0	2	397
1532		11	124		0		3		7	12		0	2	396
1533		11	125		0		2		7	13		0	2	399
1534		11	126		0		1		7	14		0	2	398
1535		11	127		0		0		7	15		0	0	71
1536		12	0		1		32		0	0		1	1	782
1537		12	1		1		33		0	1		1	0	600
1538		12	2		1		34		0	2		1	1	783
1539		12	3		1		35		0	3		1	0	599
1540		12	4		1		36		0	4		1	1	784
1541		12	5		1		37		0	5		1	0	598
1542		12	6		1		38		0	6		1	1	785
1543		12	7		1		39		0	7		1	0	597
1544		12	8		1		40		0	8		1	1	786
1545		12	9		1		41		0	9		1	0	596
1546		12	10		1		42		0	10		1	1	787
1547		12	11		1		43		0	11		1	0	595
1548		12	12		1		44		0	12		1	1	788
1549		12	13		1		45		0	13		1	0	594
1550		12	14		1		46		0	14		1	1	789
1551		12	15		1		47		0	15		1	1	790
1552		12	16		1		48		1	0		1	1	791
1553		12	17		1		49		1	1		1	1	792
1554		12	18		1		50		1	2		1	0	591
1555		12	19		1		51		1	3		1	1	793
1556		12	20		1		52		1	4		1	0	590
1557		12	21		1		53		1	5		1	1	794
1558		12	22		1		54		1	6		1	0	589
1559		12	23		1		55		1	7		1	1	795
1560		12	24		1		56		1	8		1	0	588
1561		12	25		1		57		1	9		1	1	796
1562		12	26		1		58		1	10		1	0	587
1563		12	27		1		59		1	11		1	1	797
1564		12	28		1		60		1	12		1	0	586
1565		12	29		1		61		1	13		1	1	798
1566		12	30		1		62		1	14		1	0	585
1567		12	31		1		63		1	15		1	1	799
1568		12	32		1		15		2	0		1	0	593
1569		12	33		1		14		2	1		1	2	927
1570		12	34		1		13		2	2		1	2	926
1571		12	35		1		12		2	3		1	2	929
1572		12	36		1		11		2	4		1	2	928
1573		12	37		1		10		2	5		1	2	931
1574		12	38		1		9		2	6		1	2	930
1575		12	39		1		8		2	7		1	2	933
1576		12	40		1		7		2	8		1	2	932
1577		12	41		1		6		2	9		1	2	935
1578		12	42		1		5		2	10		1	2	934
1579		12	43		1		4		2	11		1	2	937
1580		12	44		1		3		2	12		1	2	936
1581		12	45		1		2		2	13		1	2	939
1582		12	46		1		1		2	14		1	2	938
1583		12	47		1		0		2	15		1	0	601
1584		12	48		1		31		3	0		1	0	584
1585		12	49		1		30		3	1		1	2	913
1586		12	50		1		29		3	2		1	2	912
1587		12	51		1		28		3	3		1	2	915
1588		12	52		1		27		3	4		1	2	914
1589		12	53		1		26		3	5		1	2	917
1590		12	54		1		25		3	6		1	2	916
1591		12	55		1		24		3	7		1	2	919
1592		12	56		1		23		3	8		1	2	918
1593		12	57		1		22		3	9		1	2	921
1594		12	58		1		21		3	10		1	2	920
1595		12	59		1		20		3	11		1	2	923
1596		12	60		1		19		3	12		1	2	922
1597		12	61		1		18		3	13		1	2	925
1598		12	62		1		17		3	14		1	2	924
1599		12	63		1		16		3	15		1	0	592
1600		12	64		0		48		4	0		1	1	773
1601		12	65		0		49		4	1		1	1	774
1602		12	66		0		50		4	2		1	0	609
1603		12	67		0		51		4	3		1	1	775
1604		12	68		0		52		4	4		1	0	608
1605		12	69		0		53		4	5		1	1	776
1606		12	70		0		54		4	6		1	0	607
1607		12	71		0		55		4	7		1	1	777
1608		12	72		0		56		4	8		1	0	606
1609		12	73		0		57		4	9		1	1	778
1610		12	74		0		58		4	10		1	0	605
1611		12	75		0		59		4	11		1	1	779
1612		12	76		0		60		4	12		1	0	604
1613		12	77		0		61		4	13		1	1	780
1614		12	78		0		62		4	14		1	0	603
1615		12	79		0		63		4	15		1	1	781
1616		12	80		0		32		5	0		1	1	764
1617		12	81		0		33		5	1		1	0	618
1618		12	82		0		34		5	2		1	1	765
1619		12	83		0		35		5	3		1	0	617
1620		12	84		0		36		5	4		1	1	766
1621		12	85		0		37		5	5		1	0	616
1622		12	86		0		38		5	6		1	1	767
1623		12	87		0		39		5	7		1	0	615
1624		12	88		0		40		5	8		1	1	768
1625		12	89		0		41		5	9		1	0	614
1626		12	90		0		42		5	10		1	1	769
1627		12	91		0		43		5	11		1	0	613
1628		12	92		0		44		5	12		1	1	770
1629		12	93		0		45		5	13		1	0	612
1630		12	94		0		46		5	14		1	1	771
1631		12	95		0		47		5	15		1	1	772
1632		12	96		0		31		6	0		1	0	602
1633		12	97		0		30		6	1		1	2	941
1634		12	98		0		29		6	2		1	2	940
1635		12	99		0		28		6	3		1	2	943
1636		12	100		0		27		6	4		1	2	942
1637		12	101		0		26		6	5		1	2	945
1638		12	102		0		25		6	6		1	2	944
1639		12	103		0		24		6	7		1	2	947
1640		12	104		0		23		6	8		1	2	946
1641		12	105		0		22		6	9		1	2	949
1642		12	106		0		21		6	10		1	2	948
1643		12	107		0		20		6	11		1	2	951
1644		12	108		0		19		6	12		1	2	950
1645		12	109		0		18		6	13		1	2	953
1646		12	110		0		17		6	14		1	2	952
1647		12	111		0		16		6	15		1	0	610
1648		12	112		0		15		7	0		1	0	611
1649		12	113		0		14		7	1		1	2	955
1650		12	114		0		13		7	2		1	2	954
1651		12	115		0		12		7	3		1	2	957
1652		12	116		0		11		7	4		1	2	956
1653		12	117		0		10		7	5		1	2	959
1654		12	118		0		9		7	6		1	2	958
1655		12	119		0		8		7	7		1	2	961
1656		12	120		0		7		7	8		1	2	960
1657		12	121		0		6		7	9		1	2	963
1658		12	122		0		5		7	10		1	2	962
1659		12	123		0		4		7	11		1	2	965
1660		12	124		0		3		7	12		1	2	964
1661		12	125		0		2		7	13		1	2	967
1662		12	126		0		1		7	14		1	2	966
1663		12	127		0		0		7	15		1	0	619
1664		13	0		1		32		0	0		1	1	746
1665		13	1		1		33		0	1		1	0	636
1666		13	2		1		34		0	2		1	1	747
1667		13	3		1		35		0	3		1	0	635
1668		13	4		1		36		0	4		1	1	748
1669		13	5		1		37		0	5		1	0	634
1670		13	6		1		38		0	6		1	1	749
1671		13	7		1		39		0	7		1	0	633
1672		13	8		1		40		0	8		1	1	750
1673		13	9		1		41		0	9		1	0	632
1674		13	10		1		42		0	10		1	1	751
1675		13	11		1		43		0	11		1	0	631
1676		13	12		1		44		0	12		1	1	752
1677		13	13		1		45		0	13		1	0	630
1678		13	14		1		46		0	14		1	1	753
1679		13	15		1		47		0	15		1	1	754
1680		13	16		1		48		1	0		1	1	755
1681		13	17		1		49		1	1		1	1	756
1682		13	18		1		50		1	2		1	0	627
1683		13	19		1		51		1	3		1	1	757
1684		13	20		1		52		1	4		1	0	626
1685		13	21		1		53		1	5		1	1	758
1686		13	22		1		54		1	6		1	0	625
1687		13	23		1		55		1	7		1	1	759
1688		13	24		1		56		1	8		1	0	624
1689		13	25		1		57		1	9		1	1	760
1690		13	26		1		58		1	10		1	0	623
1691		13	27		1		59		1	11		1	1	761
1692		13	28		1		60		1	12		1	0	622
1693		13	29		1		61		1	13		1	1	762
1694		13	30		1		62		1	14		1	0	621
1695		13	31		1		63		1	15		1	1	763
1696		13	32		1		15		2	0		1	0	629
1697		13	33		1		14		2	1		1	2	983
1698		13	34		1		13		2	2		1	2	982
1699		13	35		1		12		2	3		1	2	985
1700		13	36		1		11		2	4		1	2	984
1701		13	37		1		10		2	5		1	2	987
1702		13	38		1		9		2	6		1	2	986
1703		13	39		1		8		2	7		1	2	989
1704		13	40		1		7		2	8		1	2	988
1705		13	41		1		6		2	9		1	2	991
1706		13	42		1		5		2	10		1	2	990
1707		13	43		1		4		2	11		1	2	993
1708		13	44		1		3		2	12		1	2	992
1709		13	45		1		2		2	13		1	2	995
1710		13	46		1		1		2	14		1	2	994
1711		13	47		1		0		2	15		1	0	637
1712		13	48		1		31		3	0		1	0	620
1713		13	49		1		30		3	1		1	2	969
1714		13	50		1		29		3	2		1	2	968
1715		13	51		1		28		3	3		1	2	971
1716		13	52		1		27		3	4		1	2	970
1717		13	53		1		26		3	5		1	2	973
1718		13	54		1		25		3	6		1	2	972
1719		13	55		1		24		3	7		1	2	975
1720		13	56		1		23		3	8		1	2	974
1721		13	57		1		22		3	9		1	2	977
1722		13	58		1		21		3	10		1	2	976
1723		13	59		1		20		3	11		1	2	979
1724		13	60		1		19		3	12		1	2	978
1725		13	61		1		18		3	13		1	2	981
1726		13	62		1		17		3	14		1	2	980
1727		13	63		1		16		3	15		1	0	628
1728		13	64		0		48		4	0		1	1	737
1729		13	65		0		49		4	1		1	1	738
1730		13	66		0		50		4	2		1	0	645
1731		13	67		0		51		4	3		1	1	739
1732		13	68		0		52		4	4		1	0	644
1733		13	69		0		53		4	5		1	1	740
1734		13	70		0		54		4	6		1	0	643
1735		13	71		0		55		4	7		1	1	741
1736		13	72		0		56		4	8		1	0	642
1737		13	73		0		57		4	9		1	1	742
1738		13	74		0		58		4	10		1	0	641
1739		13	75		0		59		4	11		1	1	743
1740		13	76		0		60		4	12		1	0	640
1741		13	77		0		61		4	13		1	1	744
1742		13	78		0		62		4	14		1	0	639
1743		13	79		0		63		4	15		1	1	745
1744		13	80		0		32		5	0		1	1	728
1745		13	81		0		33		5	1		1	0	654
1746		13	82		0		34		5	2		1	1	729
1747		13	83		0		35		5	3		1	0	653
1748		13	84		0		36		5	4		1	1	730
1749		13	85		0		37		5	5		1	0	652
1750		13	86		0		38		5	6		1	1	731
1751		13	87		0		39		5	7		1	0	651
1752		13	88		0		40		5	8		1	1	732
1753		13	89		0		41		5	9		1	0	650
1754		13	90		0		42		5	10		1	1	733
1755		13	91		0		43		5	11		1	0	649
1756		13	92		0		44		5	12		1	1	734
1757		13	93		0		45		5	13		1	0	648
1758		13	94		0		46		5	14		1	1	735
1759		13	95		0		47		5	15		1	1	736
1760		13	96		0		31		6	0		1	0	638
1761		13	97		0		30		6	1		1	2	997
1762		13	98		0		29		6	2		1	2	996
1763		13	99		0		28		6	3		1	2	999
1764		13	100		0		27		6	4		1	2	998
1765		13	101		0		26		6	5		1	2	1001
1766		13	102		0		25		6	6		1	2	1000
1767		13	103		0		24		6	7		1	2	1003
1768		13	104		0		23		6	8		1	2	1002
1769		13	105		0		22		6	9		1	2	1005
1770		13	106		0		21		6	10		1	2	1004
1771		13	107		0		20		6	11		1	2	1007
1772		13	108		0		19		6	12		1	2	1006
1773		13	109		0		18		6	13		1	2	1009
1774		13	110		0		17		6	14		1	2	1008
1775		13	111		0		16		6	15		1	0	646
1776		13	112		0		15		7	0		1	0	647
1777		13	113		0		14		7	1		1	2	1011
1778		13	114		0		13		7	2		1	2	1010
1779		13	115		0		12		7	3		1	2	1013
1780		13	116		0		11		7	4		1	2	1012
1781		13	117		0		10		7	5		1	2	1015
1782		13	118		0		9		7	6		1	2	1014
1783		13	119		0		8		7	7		1	2	1017
1784		13	120		0		7		7	8		1	2	1016
1785		13	121		0		6		7	9		1	2	1019
1786		13	122		0		5		7	10		1	2	1018
1787		13	123		0		4		7	11		1	2	1021
1788		13	124		0		3		7	12		1	2	1020
1789		13	125		0		2		7	13		1	2	1023
1790		13	126		0		1		7	14		1	2	1022
1791		13	127		0		0		7	15		1	0	655
1792		14	0		1		32		0	0		1	1	710
1793		14	1		1		33		0	1		1	0	528
1794		14	2		1		34		0	2		1	1	711
1795		14	3		1		35		0	3		1	0	527
1796		14	4		1		36		0	4		1	1	712
1797		14	5		1		37		0	5		1	0	526
1798		14	6		1		38		0	6		1	1	713
1799		14	7		1		39		0	7		1	0	525
1800		14	8		1		40		0	8		1	1	714
1801		14	9		1		41		0	9		1	0	524
1802		14	10		1		42		0	10		1	1	715
1803		14	11		1		43		0	11		1	0	523
1804		14	12		1		44		0	12		1	1	716
1805		14	13		1		45		0	13		1	0	522
1806		14	14		1		46		0	14		1	1	717
1807		14	15		1		47		0	15		1	1	718
1808		14	16		1		48		1	0		1	1	719
1809		14	17		1		49		1	1		1	1	720
1810		14	18		1		50		1	2		1	0	519
1811		14	19		1		51		1	3		1	1	721
1812		14	20		1		52		1	4		1	0	518
1813		14	21		1		53		1	5		1	1	722
1814		14	22		1		54		1	6		1	0	517
1815		14	23		1		55		1	7		1	1	723
1816		14	24		1		56		1	8		1	0	516
1817		14	25		1		57		1	9		1	1	724
1818		14	26		1		58		1	10		1	0	515
1819		14	27		1		59		1	11		1	1	725
1820		14	28		1		60		1	12		1	0	514
1821		14	29		1		61		1	13		1	1	726
1822		14	30		1		62		1	14		1	0	513
1823		14	31		1		63		1	15		1	1	727
1824		14	32		1		15		2	0		1	0	521
1825		14	33		1		14		2	1		1	2	896
1826		14	34		1		13		2	2		1	2	897
1827		14	35		1		12		2	3		1	2	894
1828		14	36		1		11		2	4		1	2	895
1829		14	37		1		10		2	5		1	2	892
1830		14	38		1		9		2	6		1	2	893
1831		14	39		1		8		2	7		1	2	890
1832		14	40		1		7		2	8		1	2	891
1833		14	41		1		6		2	9		1	2	888
1834		14	42		1		5		2	10		1	2	889
1835		14	43		1		4		2	11		1	2	886
1836		14	44		1		3		2	12		1	2	887
1837		14	45		1		2		2	13		1	2	884
1838		14	46		1		1		2	14		1	2	885
1839		14	47		1		0		2	15		1	0	529
1840		14	48		1		31		3	0		1	0	512
1841		14	49		1		30		3	1		1	2	910
1842		14	50		1		29		3	2		1	2	911
1843		14	51		1		28		3	3		1	2	908
1844		14	52		1		27		3	4		1	2	909
1845		14	53		1		26		3	5		1	2	906
1846		14	54		1		25		3	6		1	2	907
1847		14	55		1		24		3	7		1	2	904
1848		14	56		1		23		3	8		1	2	905
1849		14	57		1		22		3	9		1	2	902
1850		14	58		1		21		3	10		1	2	903
1851		14	59		1		20		3	11		1	2	900
1852		14	60		1		19		3	12		1	2	901
1853		14	61		1		18		3	13		1	2	898
1854		14	62		1		17		3	14		1	2	899
1855		14	63		1		16		3	15		1	0	520
1856		14	64		0		48		4	0		1	1	701
1857		14	65		0		49		4	1		1	1	702
1858		14	66		0		50		4	2		1	0	537
1859		14	67		0		51		4	3		1	1	703
1860		14	68		0		52		4	4		1	0	536
1861		14	69		0		53		4	5		1	1	704
1862		14	70		0		54		4	6		1	0	535
1863		14	71		0		55		4	7		1	1	705
1864		14	72		0		56		4	8		1	0	534
1865		14	73		0		57		4	9		1	1	706
1866		14	74		0		58		4	10		1	0	533
1867		14	75		0		59		4	11		1	1	707
1868		14	76		0		60		4	12		1	0	532
1869		14	77		0		61		4	13		1	1	708
1870		14	78		0		62		4	14		1	0	531
1871		14	79		0		63		4	15		1	1	709
1872		14	80		0		32		5	0		1	1	692
1873		14	81		0		33		5	1		1	0	546
1874		14	82		0		34		5	2		1	1	693
1875		14	83		0		35		5	3		1	0	545
1876		14	84		0		36		5	4		1	1	694
1877		14	85		0		37		5	5		1	0	544
1878		14	86		0		38		5	6		1	1	695
1879		14	87		0		39		5	7		1	0	543
1880		14	88		0		40		5	8		1	1	696
1881		14	89		0		41		5	9		1	0	542
1882		14	90		0		42		5	10		1	1	697
1883		14	91		0		43		5	11		1	0	541
1884		14	92		0		44		5	12		1	1	698
1885		14	93		0		45		5	13		1	0	540
1886		14	94		0		46		5	14		1	1	699
1887		14	95		0		47		5	15		1	1	700
1888		14	96		0		31		6	0		1	0	530
1889		14	97		0		30		6	1		1	2	882
1890		14	98		0		29		6	2		1	2	883
1891		14	99		0		28		6	3		1	2	880
1892		14	100		0		27		6	4		1	2	881
1893		14	101		0		26		6	5		1	2	878
1894		14	102		0		25		6	6		1	2	879
1895		14	103		0		24		6	7		1	2	876
1896		14	104		0		23		6	8		1	2	877
1897		14	105		0		22		6	9		1	2	874
1898		14	106		0		21		6	10		1	2	875
1899		14	107		0		20		6	11		1	2	872
1900		14	108		0		19		6	12		1	2	873
1901		14	109		0		18		6	13		1	2	870
1902		14	110		0		17		6	14		1	2	871
1903		14	111		0		16		6	15		1	0	538
1904		14	112		0		15		7	0		1	0	539
1905		14	113		0		14		7	1		1	2	868
1906		14	114		0		13		7	2		1	2	869
1907		14	115		0		12		7	3		1	2	866
1908		14	116		0		11		7	4		1	2	867
1909		14	117		0		10		7	5		1	2	864
1910		14	118		0		9		7	6		1	2	865
1911		14	119		0		8		7	7		1	2	862
1912		14	120		0		7		7	8		1	2	863
1913		14	121		0		6		7	9		1	2	860
1914		14	122		0		5		7	10		1	2	861
1915		14	123		0		4		7	11		1	2	858
1916		14	124		0		3		7	12		1	2	859
1917		14	125		0		2		7	13		1	2	856
1918		14	126		0		1		7	14		1	2	857
1919		14	127		0		0		7	15		1	0	547
1920		15	0		1		32		0	0		1	1	674
1921		15	1		1		33		0	1		1	0	564
1922		15	2		1		34		0	2		1	1	675
1923		15	3		1		35		0	3		1	0	563
1924		15	4		1		36		0	4		1	1	676
1925		15	5		1		37		0	5		1	0	562
1926		15	6		1		38		0	6		1	1	677
1927		15	7		1		39		0	7		1	0	561
1928		15	8		1		40		0	8		1	1	678
1929		15	9		1		41		0	9		1	0	560
1930		15	10		1		42		0	10		1	1	679
1931		15	11		1		43		0	11		1	0	559
1932		15	12		1		44		0	12		1	1	680
1933		15	13		1		45		0	13		1	0	558
1934		15	14		1		46		0	14		1	1	681
1935		15	15		1		47		0	15		1	1	682
1936		15	16		1		48		1	0		1	1	683
1937		15	17		1		49		1	1		1	1	684
1938		15	18		1		50		1	2		1	0	555
1939		15	19		1		51		1	3		1	1	685
1940		15	20		1		52		1	4		1	0	554
1941		15	21		1		53		1	5		1	1	686
1942		15	22		1		54		1	6		1	0	553
1943		15	23		1		55		1	7		1	1	687
1944		15	24		1		56		1	8		1	0	552
1945		15	25		1		57		1	9		1	1	688
1946		15	26		1		58		1	10		1	0	551
1947		15	27		1		59		1	11		1	1	689
1948		15	28		1		60		1	12		1	0	550
1949		15	29		1		61		1	13		1	1	690
1950		15	30		1		62		1	14		1	0	549
1951		15	31		1		63		1	15		1	1	691
1952		15	32		1		15		2	0		1	0	557
1953		15	33		1		14		2	1		1	2	840
1954		15	34		1		13		2	2		1	2	841
1955		15	35		1		12		2	3		1	2	838
1956		15	36		1		11		2	4		1	2	839
1957		15	37		1		10		2	5		1	2	836
1958		15	38		1		9		2	6		1	2	837
1959		15	39		1		8		2	7		1	2	834
1960		15	40		1		7		2	8		1	2	835
1961		15	41		1		6		2	9		1	2	832
1962		15	42		1		5		2	10		1	2	833
1963		15	43		1		4		2	11		1	2	830
1964		15	44		1		3		2	12		1	2	831
1965		15	45		1		2		2	13		1	2	828
1966		15	46		1		1		2	14		1	2	829
1967		15	47		1		0		2	15		1	0	565
1968		15	48		1		31		3	0		1	0	548
1969		15	49		1		30		3	1		1	2	854
1970		15	50		1		29		3	2		1	2	855
1971		15	51		1		28		3	3		1	2	852
1972		15	52		1		27		3	4		1	2	853
1973		15	53		1		26		3	5		1	2	850
1974		15	54		1		25		3	6		1	2	851
1975		15	55		1		24		3	7		1	2	848
1976		15	56		1		23		3	8		1	2	849
1977		15	57		1		22		3	9		1	2	846
1978		15	58		1		21		3	10		1	2	847
1979		15	59		1		20		3	11		1	2	844
1980		15	60		1		19		3	12		1	2	845
1981		15	61		1		18		3	13		1	2	842
1982		15	62		1		17		3	14		1	2	843
1983		15	63		1		16		3	15		1	0	556
1984		15	64		0		48		4	0		1	1	665
1985		15	65		0		49		4	1		1	1	666
1986		15	66		0		50		4	2		1	0	573
1987		15	67		0		51		4	3		1	1	667
1988		15	68		0		52		4	4		1	0	572
1989		15	69		0		53		4	5		1	1	668
1990		15	70		0		54		4	6		1	0	571
1991		15	71		0		55		4	7		1	1	669
1992		15	72		0		56		4	8		1	0	570
1993		15	73		0		57		4	9		1	1	670
1994		15	74		0		58		4	10		1	0	569
1995		15	75		0		59		4	11		1	1	671
1996		15	76		0		60		4	12		1	0	568
1997		15	77		0		61		4	13		1	1	672
1998		15	78		0		62		4	14		1	0	567
1999		15	79		0		63		4	15		1	1	673
2000		15	80		0		32		5	0		1	1	656
2001		15	81		0		33		5	1		1	0	582
2002		15	82		0		34		5	2		1	1	657
2003		15	83		0		35		5	3		1	0	581
2004		15	84		0		36		5	4		1	1	658
2005		15	85		0		37		5	5		1	0	580
2006		15	86		0		38		5	6		1	1	659
2007		15	87		0		39		5	7		1	0	579
2008		15	88		0		40		5	8		1	1	660
2009		15	89		0		41		5	9		1	0	578
2010		15	90		0		42		5	10		1	1	661
2011		15	91		0		43		5	11		1	0	577
2012		15	92		0		44		5	12		1	1	662
2013		15	93		0		45		5	13		1	0	576
2014		15	94		0		46		5	14		1	1	663
2015		15	95		0		47		5	15		1	1	664
2016		15	96		0		31		6	0		1	0	566
2017		15	97		0		30		6	1		1	2	826
2018		15	98		0		29		6	2		1	2	827
2019		15	99		0		28		6	3		1	2	824
2020		15	100		0		27		6	4		1	2	825
2021		15	101		0		26		6	5		1	2	822
2022		15	102		0		25		6	6		1	2	823
2023		15	103		0		24		6	7		1	2	820
2024		15	104		0		23		6	8		1	2	821
2025		15	105		0		22		6	9		1	2	818
2026		15	106		0		21		6	10		1	2	819
2027		15	107		0		20		6	11		1	2	816
2028		15	108		0		19		6	12		1	2	817
2029		15	109		0		18		6	13		1	2	814
2030		15	110		0		17		6	14		1	2	815
2031		15	111		0		16		6	15		1	0	574
2032		15	112		0		15		7	0		1	0	575
2033		15	113		0		14		7	1		1	2	812
2034		15	114		0		13		7	2		1	2	813
2035		15	115		0		12		7	3		1	2	810
2036		15	116		0		11		7	4		1	2	811
2037		15	117		0		10		7	5		1	2	808
2038		15	118		0		9		7	6		1	2	809
2039		15	119		0		8		7	7		1	2	806
2040		15	120		0		7		7	8		1	2	807
2041		15	121		0		6		7	9		1	2	804
2042		15	122		0		5		7	10		1	2	805
2043		15	123		0		4		7	11		1	2	802
2044		15	124		0		3		7	12		1	2	803
2045		15	125		0		2		7	13		1	2	800
2046		15	126		0		1		7	14		1	2	801
2047		15	127		0		0		7	15		1	0	583
