    0     1    11    11     0    18     0
    1     1    11    11     1    18     1
    2     1    11    11     2    18     2
    3     1    11    11     3    18     3
    4     1    11    11     4    16     4
    5     1    11    11     5    16     5
    6     1    11    11     6    16     6
    7     1    11    11     7    16     7
    8     1    11    11     8    14     8
    9     1    11    11     9    14     9
   10     1    11    11    10    14    10
   11     1    11    11    11    14    11
   12     1    12    12     0    12    12
   13     1    12    12     1    12    13
   14     1    12    12     2    12    14
   15     1    12    12     3    12    15
   16     1    12    12     4    10    16
   17     1    12    12     5    10    17
   18     1    12    12     6    10    18
   19     1    12    12     7    10    19
   20     1    12    12     8     8    20
   21     1    12    12     9     8    21
   22     1    12    12    10     8    22
   23     1    12    12    11     8    23
   24     1    13    13     0     6    24
   25     1    13    13     1     6    25
   26     1    13    13     2     6    26
   27     1    13    13     3     6    27
   28     1    13    13     4     4    28
   29     1    13    13     5     4    29
   30     1    13    13     6     4    30
   31     1    13    13     7     4    31
   32     1    13    13     8     2    32
   33     1    13    13     9     2    33
   34     1    13    13    10     2    34
   35     1    13    13    11     2    35
   36     1    14    14     0     0    36
   37     1    14    14     1     0    37
   38     1    14    14     2     0    38
   39     1    14    14     3     0    39
   48     2    21    21     0    38    48
   49     2    21    21     1    38    49
   50     2    21    21     2    38    50
   51     2    21    21     3    38    51
   52     2    21    21     4    36    52
   53     2    21    21     5    36    53
   54     2    21    21     6    36    54
   55     2    21    21     7    36    55
   56     2    21    21     8    34    56
   57     2    21    21     9    34    57
   58     2    21    21    10    34    58
   59     2    21    21    11    34    59
   60     2    22    22     0    32    60
   61     2    22    22     1    32    61
   62     2    22    22     2    32    62
   63     2    22    22     3    32    63
   64     2    22    22     4    30    64
   65     2    22    22     5    30    65
   66     2    22    22     6    30    66
   67     2    22    22     7    30    67
   68     2    22    22     8    28    68
   69     2    22    22     9    28    69
   70     2    22    22    10    28    70
   71     2    22    22    11    28    71
   72     2    23    23     0    26    72
   73     2    23    23     1    26    73
   74     2    23    23     2    26    74
   75     2    23    23     3    26    75
   76     2    23    23     4    24    76
   77     2    23    23     5    24    77
   78     2    23    23     6    24    78
   79     2    23    23     7    24    79
   80     2    23    23     8    22    80
   81     2    23    23     9    22    81
   82     2    23    23    10    22    82
   83     2    23    23    11    22    83
   84     2    24    24     0    20    84
   85     2    24    24     1    20    85
   86     2    24    24     2    20    86
   87     2    24    24     3    20    87
   96     3    31    31     0    58    96
   97     3    31    31     1    58    97
   98     3    31    31     2    58    98
   99     3    31    31     3    58    99
  100     3    31    31     4    56   100
  101     3    31    31     5    56   101
  102     3    31    31     6    56   102
  103     3    31    31     7    56   103
  104     3    31    31     8    54   104
  105     3    31    31     9    54   105
  106     3    31    31    10    54   106
  107     3    31    31    11    54   107
  108     3    32    32     0    52   108
  109     3    32    32     1    52   109
  110     3    32    32     2    52   110
  111     3    32    32     3    52   111
  112     3    32    32     4    50   112
  113     3    32    32     5    50   113
  114     3    32    32     6    50   114
  115     3    32    32     7    50   115
  116     3    32    32     8    48   116
  117     3    32    32     9    48   117
  118     3    32    32    10    48   118
  119     3    32    32    11    48   119
  120     3    33    33     0    44   120
  121     3    33    33     1    44   121
  122     3    33    33     2    44   122
  123     3    33    33     3    44   123
  124     3    33    33     4    42   124
  125     3    33    33     5    42   125
  126     3    33    33     6    42   126
  127     3    33    33     7    42   127
  128     3    33    33     8    40   128
  129     3    33    33     9    40   129
  130     3    33    33    10    40   130
  131     3    33    33    11    40   131
  132     3    34    34     0    46   132
  133     3    34    34     1    46   133
  134     3    34    34     2    46   134
  135     3    34    34     3    46   135
  136     3    34    34     4    46   136
  137     3    34    34     5    46   137
  138     3    34    34     6    46   138
  139     3    34    34     7    46   139
  140     3    34    34     8    46   140
  141     3    34    34     9    46   141
  142     3    34    34    10    46   142
  143     3    34    34    11    46   143
  144     4    41    41     0    19   144
  145     4    41    41     1    19   145
  146     4    41    41     2    19   146
  147     4    41    41     3    19   147
  148     4    41    41     4    17   148
  149     4    41    41     5    17   149
  150     4    41    41     6    17   150
  151     4    41    41     7    17   151
  152     4    41    41     8    15   152
  153     4    41    41     9    15   153
  154     4    41    41    10    15   154
  155     4    41    41    11    15   155
  156     4    42    42     0    13   156
  157     4    42    42     1    13   157
  158     4    42    42     2    13   158
  159     4    42    42     3    13   159
  160     4    42    42     4    11   160
  161     4    42    42     5    11   161
  162     4    42    42     6    11   162
  163     4    42    42     7    11   163
  164     4    42    42     8     9   164
  165     4    42    42     9     9   165
  166     4    42    42    10     9   166
  167     4    42    42    11     9   167
  168     4    43    43     0     7   168
  169     4    43    43     1     7   169
  170     4    43    43     2     7   170
  171     4    43    43     3     7   171
  172     4    43    43     4     5   172
  173     4    43    43     5     5   173
  174     4    43    43     6     5   174
  175     4    43    43     7     5   175
  176     4    43    43     8     3   176
  177     4    43    43     9     3   177
  178     4    43    43    10     3   178
  179     4    43    43    11     3   179
  180     4    44    44     0     1   180
  181     4    44    44     1     1   181
  182     4    44    44     2     1   182
  183     4    44    44     3     1   183
  192     5    51    51     0    59   192
  193     5    51    51     1    59   193
  194     5    51    51     2    59   194
  195     5    51    51     3    59   195
  196     5    51    51     4    55   196
  197     5    51    51     5    55   197
  198     5    51    51     6    55   198
  199     5    51    51     7    55   199
  200     5    51    51     8    53   200
  201     5    51    51     9    53   201
  202     5    51    51    10    53   202
  203     5    51    51    11    53   203
  204     5    52    52     0    49   204
  205     5    52    52     1    49   205
  206     5    52    52     2    49   206
  207     5    52    52     3    49   207
  216     5    53    53     0    57   216
  217     5    53    53     1    57   217
  218     5    53    53     2    57   218
  219     5    53    53     3    57   219
  220     5    53    53     4    51   220
  221     5    53    53     5    51   221
  222     5    53    53     6    51   222
  223     5    53    53     7    51   223
  224     5    53    53     8    47   224
  225     5    53    53     9    47   225
  226     5    53    53    10    47   226
  227     5    53    53    11    47   227
  228     5    54    54     0    45   228
  229     5    54    54     1    45   229
  230     5    54    54     2    45   230
  231     5    54    54     3    45   231
  232     5    54    54     4    43   232
  233     5    54    54     5    43   233
  234     5    54    54     6    43   234
  235     5    54    54     7    43   235
  236     5    54    54     8    41   236
  237     5    54    54     9    41   237
  238     5    54    54    10    41   238
  239     5    54    54    11    41   239
  240     6    61    61     0    39   240
  241     6    61    61     1    39   241
  242     6    61    61     2    39   242
  243     6    61    61     3    39   243
  244     6    61    61     4    37   244
  245     6    61    61     5    37   245
  246     6    61    61     6    37   246
  247     6    61    61     7    37   247
  248     6    61    61     8    35   248
  249     6    61    61     9    35   249
  250     6    61    61    10    35   250
  251     6    61    61    11    35   251
  252     6    62    62     0    33   252
  253     6    62    62     1    33   253
  254     6    62    62     2    33   254
  255     6    62    62     3    33   255
  256     6    62    62     4    31   256
  257     6    62    62     5    31   257
  258     6    62    62     6    31   258
  259     6    62    62     7    31   259
  260     6    62    62     8    31   260
  261     6    62    62     9    31   261
  262     6    62    62    10    31   262
  263     6    62    62    11    31   263
  264     6    62    62    12    31   264
  265     6    63    63     1    31   265
  266     6    63    63     2    31   266
  267     6    63    63     3    31   267
  268     6    63    63     4    29   268
  269     6    63    63     5    29   269
  270     6    63    63     6    29   270
  271     6    63    63     7    29   271
  272     6    63    63     8    27   272
  273     6    63    63     9    27   273
  274     6    63    63    10    27   274
  275     6    63    63    11    27   275
  276     6    64    64     0    25   276
  277     6    64    64     1    25   277
  278     6    64    64     2    25   278
  279     6    64    64     3    25   279
  280     6    64    64     4    23   280
  281     6    64    64     5    23   281
  282     6    64    64     6    23   282
  283     6    64    64     7    23   283
  284     6    64    64     8    21   284
  285     6    64    64     9    21   285
  286     6    64    64    10    21   286
