0		100	0		1		32		0	0		3	1	0   
1		100	1		1		33		0	1		3	0	1   
2		100	2		1		34		0	2		3	1	2   
3		100	3		1		35		0	3		3	0	3   
4		100	4		1		36		0	4		3	1	4   
5		100	5		1		37		0	5		3	0	5   
6		100	6		1		38		0	6		3	1	6   
7		100	7		1		39		0	7		3	0	7   
8		100	8		1		40		0	8		3	1	8   
9		100	9		1		41		0	9		3	0	9   
10		100	10		1		42		0	10		3	1	10  
11		100	11		1		43		0	11		3	0	11  
12		100	12		1		44		0	12		3	1	12  
13		100	13		1		45		0	13		3	0	13  
14		100	14		1		46		0	14		3	1	14  
15		100	15		1		47		0	15		3	1	15  
16		100	16		1		48		1	0		3	1	16  
17		100	17		1		49		1	1		3	1	17  
18		100	18		1		50		1	2		3	0	18  
19		100	19		1		51		1	3		3	1	19  
20		100	20		1		52		1	4		3	0	20  
21		100	21		1		53		1	5		3	1	21  
22		100	22		1		54		1	6		3	0	22  
23		100	23		1		55		1	7		3	1	23  
24		100	24		1		56		1	8		3	0	24  
25		100	25		1		57		1	9		3	1	25  
26		100	26		1		58		1	10		3	0	26  
27		100	27		1		59		1	11		3	1	27  
28		100	28		1		60		1	12		3	0	28  
29		100	29		1		61		1	13		3	1	29  
30		100	30		1		62		1	14		3	0	30  
31		100	31		1		63		1	15		3	1	31  
32		100	32		1		15		2	0		3	0	32  
33		100	33		1		14		2	1		3	2	33  
34		100	34		1		13		2	2		3	2	34  
35		100	35		1		12		2	3		3	2	35  
36		100	36		1		11		2	4		3	2	36  
37		100	37		1		10		2	5		3	2	37  
38		100	38		1		9		2	6		3	2	38  
39		100	39		1		8		2	7		3	2	39  
40		100	40		1		7		2	8		3	2	40  
41		100	41		1		6		2	9		3	2	41  
42		100	42		1		5		2	10		3	2	42  
43		100	43		1		4		2	11		3	2	43  
44		100	44		1		3		2	12		3	2	44  
45		100	45		1		2		2	13		3	2	45  
46		100	46		1		1		2	14		3	2	46  
47		100	47		1		0		2	15		3	0	47  
48		100	48		1		31		3	0		3	0	48  
49		100	49		1		30		3	1		3	2	49  
50		100	50		1		29		3	2		3	2	50  
51		100	51		1		28		3	3		3	2	51  
52		100	52		1		27		3	4		3	2	52  
53		100	53		1		26		3	5		3	2	53  
54		100	54		1		25		3	6		3	2	54  
55		100	55		1		24		3	7		3	2	55  
56		100	56		1		23		3	8		3	2	56  
57		100	57		1		22		3	9		3	2	57  
58		100	58		1		21		3	10		3	2	58  
59		100	59		1		20		3	11		3	2	59  
60		100	60		1		19		3	12		3	2	60  
61		100	61		1		18		3	13		3	2	61  
62		100	62		1		17		3	14		3	2	62  
63		100	63		1		16		3	15		3	0	63  
64		100	64		0		48		4	0		3	1	64  
65		100	65		0		49		4	1		3	1	65  
66		100	66		0		50		4	2		3	0	66  
67		100	67		0		51		4	3		3	1	67  
68		100	68		0		52		4	4		3	0	68  
69		100	69		0		53		4	5		3	1	69  
70		100	70		0		54		4	6		3	0	70  
71		100	71		0		55		4	7		3	1	71  
72		100	72		0		56		4	8		3	0	72  
73		100	73		0		57		4	9		3	1	73  
74		100	74		0		58		4	10		3	0	74  
75		100	75		0		59		4	11		3	1	75  
76		100	76		0		60		4	12		3	0	76  
77		100	77		0		61		4	13		3	1	77  
78		100	78		0		62		4	14		3	0	78  
79		100	79		0		63		4	15		3	1	79  
80		100	80		0		32		5	0		3	1	80  
81		100	81		0		33		5	1		3	0	81  
82		100	82		0		34		5	2		3	1	82  
83		100	83		0		35		5	3		3	0	83  
84		100	84		0		36		5	4		3	1	84  
85		100	85		0		37		5	5		3	0	85  
86		100	86		0		38		5	6		3	1	86  
87		100	87		0		39		5	7		3	0	87  
88		100	88		0		40		5	8		3	1	88  
89		100	89		0		41		5	9		3	0	89  
90		100	90		0		42		5	10		3	1	90  
91		100	91		0		43		5	11		3	0	91  
92		100	92		0		44		5	12		3	1	92  
93		100	93		0		45		5	13		3	0	93  
94		100	94		0		46		5	14		3	1	94  
95		100	95		0		47		5	15		3	1	95  
96		100	96		0		31		6	0		3	0	96  
97		100	97		0		30		6	1		3	2	97  
98		100	98		0		29		6	2		3	2	98  
99		100	99		0		28		6	3		3	2	99  
100		100	100		0		27		6	4		3	2	100 
101		100	101		0		26		6	5		3	2	101 
102		100	102		0		25		6	6		3	2	102 
103		100	103		0		24		6	7		3	2	103 
104		100	104		0		23		6	8		3	2	104 
105		100	105		0		22		6	9		3	2	105 
106		100	106		0		21		6	10		3	2	106 
107		100	107		0		20		6	11		3	2	107 
108		100	108		0		19		6	12		3	2	108 
109		100	109		0		18		6	13		3	2	109 
110		100	110		0		17		6	14		3	2	110 
111		100	111		0		16		6	15		3	0	111 
112		100	112		0		15		7	0		3	0	112 
113		100	113		0		14		7	1		3	2	113 
114		100	114		0		13		7	2		3	2	114 
115		100	115		0		12		7	3		3	2	115 
116		100	116		0		11		7	4		3	2	116 
117		100	117		0		10		7	5		3	2	117 
118		100	118		0		9		7	6		3	2	118 
119		100	119		0		8		7	7		3	2	119 
120		100	120		0		7		7	8		3	2	120 
121		100	121		0		6		7	9		3	2	121 
122		100	122		0		5		7	10		3	2	122 
123		100	123		0		4		7	11		3	2	123 
124		100	124		0		3		7	12		3	2	124 
125		100	125		0		2		7	13		3	2	125 
126		100	126		0		1		7	14		3	2	126 
127		100	127		0		0		7	15		3	0	127 
128		102	0		1		32		0	0		3	1	128 
129		102	1		1		33		0	1		3	0	129 
130		102	2		1		34		0	2		3	1	130 
131		102	3		1		35		0	3		3	0	131 
132		102	4		1		36		0	4		3	1	132 
133		102	5		1		37		0	5		3	0	133 
134		102	6		1		38		0	6		3	1	134 
135		102	7		1		39		0	7		3	0	135 
136		102	8		1		40		0	8		3	1	136 
137		102	9		1		41		0	9		3	0	137 
138		102	10		1		42		0	10		3	1	138 
139		102	11		1		43		0	11		3	0	139 
140		102	12		1		44		0	12		3	1	140 
141		102	13		1		45		0	13		3	0	141 
142		102	14		1		46		0	14		3	1	142 
143		102	15		1		47		0	15		3	1	143 
144		102	16		1		48		1	0		3	1	144 
145		102	17		1		49		1	1		3	1	145 
146		102	18		1		50		1	2		3	0	146 
147		102	19		1		51		1	3		3	1	147 
148		102	20		1		52		1	4		3	0	148 
149		102	21		1		53		1	5		3	1	149 
150		102	22		1		54		1	6		3	0	150 
151		102	23		1		55		1	7		3	1	151 
152		102	24		1		56		1	8		3	0	152 
153		102	25		1		57		1	9		3	1	153 
154		102	26		1		58		1	10		3	0	154 
155		102	27		1		59		1	11		3	1	155 
156		102	28		1		60		1	12		3	0	156 
157		102	29		1		61		1	13		3	1	157 
158		102	30		1		62		1	14		3	0	158 
159		102	31		1		63		1	15		3	1	159 
160		102	32		1		15		2	0		3	0	160 
161		102	33		1		14		2	1		3	2	161 
162		102	34		1		13		2	2		3	2	162 
163		102	35		1		12		2	3		3	2	163 
164		102	36		1		11		2	4		3	2	164 
165		102	37		1		10		2	5		3	2	165 
166		102	38		1		9		2	6		3	2	166 
167		102	39		1		8		2	7		3	2	167 
168		102	40		1		7		2	8		3	2	168 
169		102	41		1		6		2	9		3	2	169 
170		102	42		1		5		2	10		3	2	170 
171		102	43		1		4		2	11		3	2	171 
172		102	44		1		3		2	12		3	2	172 
173		102	45		1		2		2	13		3	2	173 
174		102	46		1		1		2	14		3	2	174 
175		102	47		1		0		2	15		3	0	175 
176		102	48		1		31		3	0		3	0	176 
177		102	49		1		30		3	1		3	2	177 
178		102	50		1		29		3	2		3	2	178 
179		102	51		1		28		3	3		3	2	179 
180		102	52		1		27		3	4		3	2	180 
181		102	53		1		26		3	5		3	2	181 
182		102	54		1		25		3	6		3	2	182 
183		102	55		1		24		3	7		3	2	183 
184		102	56		1		23		3	8		3	2	184 
185		102	57		1		22		3	9		3	2	185 
186		102	58		1		21		3	10		3	2	186 
187		102	59		1		20		3	11		3	2	187 
188		102	60		1		19		3	12		3	2	188 
189		102	61		1		18		3	13		3	2	189 
190		102	62		1		17		3	14		3	2	190 
191		102	63		1		16		3	15		3	0	191 
192		102	64		0		48		4	0		3	1	192 
193		102	65		0		49		4	1		3	1	193 
194		102	66		0		50		4	2		3	0	194 
195		102	67		0		51		4	3		3	1	195 
196		102	68		0		52		4	4		3	0	196 
197		102	69		0		53		4	5		3	1	197 
198		102	70		0		54		4	6		3	0	198 
199		102	71		0		55		4	7		3	1	199 
200		102	72		0		56		4	8		3	0	200 
201		102	73		0		57		4	9		3	1	201 
202		102	74		0		58		4	10		3	0	202 
203		102	75		0		59		4	11		3	1	203 
204		102	76		0		60		4	12		3	0	204 
205		102	77		0		61		4	13		3	1	205 
206		102	78		0		62		4	14		3	0	206 
207		102	79		0		63		4	15		3	1	207 
208		102	80		0		32		5	0		3	1	208 
209		102	81		0		33		5	1		3	0	209 
210		102	82		0		34		5	2		3	1	210 
211		102	83		0		35		5	3		3	0	211 
212		102	84		0		36		5	4		3	1	212 
213		102	85		0		37		5	5		3	0	213 
214		102	86		0		38		5	6		3	1	214 
215		102	87		0		39		5	7		3	0	215 
216		102	88		0		40		5	8		3	1	216 
217		102	89		0		41		5	9		3	0	217 
218		102	90		0		42		5	10		3	1	218 
219		102	91		0		43		5	11		3	0	219 
220		102	92		0		44		5	12		3	1	220 
221		102	93		0		45		5	13		3	0	221 
222		102	94		0		46		5	14		3	1	222 
223		102	95		0		47		5	15		3	1	223 
224		102	96		0		31		6	0		3	0	224 
225		102	97		0		30		6	1		3	2	225 
226		102	98		0		29		6	2		3	2	226 
227		102	99		0		28		6	3		3	2	227 
228		102	100		0		27		6	4		3	2	228 
229		102	101		0		26		6	5		3	2	229 
230		102	102		0		25		6	6		3	2	230 
231		102	103		0		24		6	7		3	2	231 
232		102	104		0		23		6	8		3	2	232 
233		102	105		0		22		6	9		3	2	233 
234		102	106		0		21		6	10		3	2	234 
235		102	107		0		20		6	11		3	2	235 
236		102	108		0		19		6	12		3	2	236 
237		102	109		0		18		6	13		3	2	237 
238		102	110		0		17		6	14		3	2	238 
239		102	111		0		16		6	15		3	0	239 
240		102	112		0		15		7	0		3	0	240 
241		102	113		0		14		7	1		3	2	241 
242		102	114		0		13		7	2		3	2	242 
243		102	115		0		12		7	3		3	2	243 
244		102	116		0		11		7	4		3	2	244 
245		102	117		0		10		7	5		3	2	245 
246		102	118		0		9		7	6		3	2	246 
247		102	119		0		8		7	7		3	2	247 
248		102	120		0		7		7	8		3	2	248 
249		102	121		0		6		7	9		3	2	249 
250		102	122		0		5		7	10		3	2	250 
251		102	123		0		4		7	11		3	2	251 
252		102	124		0		3		7	12		3	2	252 
253		102	125		0		2		7	13		3	2	253 
254		102	126		0		1		7	14		3	2	254 
255		102	127		0		0		7	15		3	0	255 
256		110	0		1		32		0	0		3	1	256 
257		110	1		1		33		0	1		3	0	257 
258		110	2		1		34		0	2		3	1	258 
259		110	3		1		35		0	3		3	0	259 
260		110	4		1		36		0	4		3	1	260 
261		110	5		1		37		0	5		3	0	261 
262		110	6		1		38		0	6		3	1	262 
263		110	7		1		39		0	7		3	0	263 
264		110	8		1		40		0	8		3	1	264 
265		110	9		1		41		0	9		3	0	265 
266		110	10		1		42		0	10		3	1	266 
267		110	11		1		43		0	11		3	0	267 
268		110	12		1		44		0	12		3	1	268 
269		110	13		1		45		0	13		3	0	269 
270		110	14		1		46		0	14		3	1	270 
271		110	15		1		47		0	15		3	1	271 
272		110	16		1		48		1	0		3	1	272 
273		110	17		1		49		1	1		3	1	273 
274		110	18		1		50		1	2		3	0	274 
275		110	19		1		51		1	3		3	1	275 
276		110	20		1		52		1	4		3	0	276 
277		110	21		1		53		1	5		3	1	277 
278		110	22		1		54		1	6		3	0	278 
279		110	23		1		55		1	7		3	1	279 
280		110	24		1		56		1	8		3	0	280 
281		110	25		1		57		1	9		3	1	281 
282		110	26		1		58		1	10		3	0	282 
283		110	27		1		59		1	11		3	1	283 
284		110	28		1		60		1	12		3	0	284 
285		110	29		1		61		1	13		3	1	285 
286		110	30		1		62		1	14		3	0	286 
287		110	31		1		63		1	15		3	1	287 
288		110	32		1		15		2	0		3	0	288 
289		110	33		1		14		2	1		3	2	289 
290		110	34		1		13		2	2		3	2	290 
291		110	35		1		12		2	3		3	2	291 
292		110	36		1		11		2	4		3	2	292 
293		110	37		1		10		2	5		3	2	293 
294		110	38		1		9		2	6		3	2	294 
295		110	39		1		8		2	7		3	2	295 
296		110	40		1		7		2	8		3	2	296 
297		110	41		1		6		2	9		3	2	297 
298		110	42		1		5		2	10		3	2	298 
299		110	43		1		4		2	11		3	2	299 
300		110	44		1		3		2	12		3	2	300 
301		110	45		1		2		2	13		3	2	301 
302		110	46		1		1		2	14		3	2	302 
303		110	47		1		0		2	15		3	0	303 
304		110	48		1		31		3	0		3	0	304 
305		110	49		1		30		3	1		3	2	305 
306		110	50		1		29		3	2		3	2	306 
307		110	51		1		28		3	3		3	2	307 
308		110	52		1		27		3	4		3	2	308 
309		110	53		1		26		3	5		3	2	309 
310		110	54		1		25		3	6		3	2	310 
311		110	55		1		24		3	7		3	2	311 
312		110	56		1		23		3	8		3	2	312 
313		110	57		1		22		3	9		3	2	313 
314		110	58		1		21		3	10		3	2	314 
315		110	59		1		20		3	11		3	2	315 
316		110	60		1		19		3	12		3	2	316 
317		110	61		1		18		3	13		3	2	317 
318		110	62		1		17		3	14		3	2	318 
319		110	63		1		16		3	15		3	0	319 
320		110	64		0		48		4	0		3	1	320 
321		110	65		0		49		4	1		3	1	321 
322		110	66		0		50		4	2		3	0	322 
323		110	67		0		51		4	3		3	1	323 
324		110	68		0		52		4	4		3	0	324 
325		110	69		0		53		4	5		3	1	325 
326		110	70		0		54		4	6		3	0	326 
327		110	71		0		55		4	7		3	1	327 
328		110	72		0		56		4	8		3	0	328 
329		110	73		0		57		4	9		3	1	329 
330		110	74		0		58		4	10		3	0	330 
331		110	75		0		59		4	11		3	1	331 
332		110	76		0		60		4	12		3	0	332 
333		110	77		0		61		4	13		3	1	333 
334		110	78		0		62		4	14		3	0	334 
335		110	79		0		63		4	15		3	1	335 
336		110	80		0		32		5	0		3	1	336 
337		110	81		0		33		5	1		3	0	337 
338		110	82		0		34		5	2		3	1	338 
339		110	83		0		35		5	3		3	0	339 
340		110	84		0		36		5	4		3	1	340 
341		110	85		0		37		5	5		3	0	341 
342		110	86		0		38		5	6		3	1	342 
343		110	87		0		39		5	7		3	0	343 
344		110	88		0		40		5	8		3	1	344 
345		110	89		0		41		5	9		3	0	345 
346		110	90		0		42		5	10		3	1	346 
347		110	91		0		43		5	11		3	0	347 
348		110	92		0		44		5	12		3	1	348 
349		110	93		0		45		5	13		3	0	349 
350		110	94		0		46		5	14		3	1	350 
351		110	95		0		47		5	15		3	1	351 
352		110	96		0		31		6	0		3	0	352 
353		110	97		0		30		6	1		3	2	353 
354		110	98		0		29		6	2		3	2	354 
355		110	99		0		28		6	3		3	2	355 
356		110	100		0		27		6	4		3	2	356 
357		110	101		0		26		6	5		3	2	357 
358		110	102		0		25		6	6		3	2	358 
359		110	103		0		24		6	7		3	2	359 
360		110	104		0		23		6	8		3	2	360 
361		110	105		0		22		6	9		3	2	361 
362		110	106		0		21		6	10		3	2	362 
363		110	107		0		20		6	11		3	2	363 
364		110	108		0		19		6	12		3	2	364 
365		110	109		0		18		6	13		3	2	365 
366		110	110		0		17		6	14		3	2	366 
367		110	111		0		16		6	15		3	0	367 
368		110	112		0		15		7	0		3	0	368 
369		110	113		0		14		7	1		3	2	369 
370		110	114		0		13		7	2		3	2	370 
371		110	115		0		12		7	3		3	2	371 
372		110	116		0		11		7	4		3	2	372 
373		110	117		0		10		7	5		3	2	373 
374		110	118		0		9		7	6		3	2	374 
375		110	119		0		8		7	7		3	2	375 
376		110	120		0		7		7	8		3	2	376 
377		110	121		0		6		7	9		3	2	377 
378		110	122		0		5		7	10		3	2	378 
379		110	123		0		4		7	11		3	2	379 
380		110	124		0		3		7	12		3	2	380 
381		110	125		0		2		7	13		3	2	381 
382		110	126		0		1		7	14		3	2	382 
383		110	127		0		0		7	15		3	0	383 
384		112	0		1		32		0	0		3	1	384 
385		112	1		1		33		0	1		3	0	385 
386		112	2		1		34		0	2		3	1	386 
387		112	3		1		35		0	3		3	0	387 
388		112	4		1		36		0	4		3	1	388 
389		112	5		1		37		0	5		3	0	389 
390		112	6		1		38		0	6		3	1	390 
391		112	7		1		39		0	7		3	0	391 
392		112	8		1		40		0	8		3	1	392 
393		112	9		1		41		0	9		3	0	393 
394		112	10		1		42		0	10		3	1	394 
395		112	11		1		43		0	11		3	0	395 
396		112	12		1		44		0	12		3	1	396 
397		112	13		1		45		0	13		3	0	397 
398		112	14		1		46		0	14		3	1	398 
399		112	15		1		47		0	15		3	1	399 
400		112	16		1		48		1	0		3	1	400 
401		112	17		1		49		1	1		3	1	401 
402		112	18		1		50		1	2		3	0	402 
403		112	19		1		51		1	3		3	1	403 
404		112	20		1		52		1	4		3	0	404 
405		112	21		1		53		1	5		3	1	405 
406		112	22		1		54		1	6		3	0	406 
407		112	23		1		55		1	7		3	1	407 
408		112	24		1		56		1	8		3	0	408 
409		112	25		1		57		1	9		3	1	409 
410		112	26		1		58		1	10		3	0	410 
411		112	27		1		59		1	11		3	1	411 
412		112	28		1		60		1	12		3	0	412 
413		112	29		1		61		1	13		3	1	413 
414		112	30		1		62		1	14		3	0	414 
415		112	31		1		63		1	15		3	1	415 
416		112	32		1		15		2	0		3	0	416 
417		112	33		1		14		2	1		3	2	417 
418		112	34		1		13		2	2		3	2	418 
419		112	35		1		12		2	3		3	2	419 
420		112	36		1		11		2	4		3	2	420 
421		112	37		1		10		2	5		3	2	421 
422		112	38		1		9		2	6		3	2	422 
423		112	39		1		8		2	7		3	2	423 
424		112	40		1		7		2	8		3	2	424 
425		112	41		1		6		2	9		3	2	425 
426		112	42		1		5		2	10		3	2	426 
427		112	43		1		4		2	11		3	2	427 
428		112	44		1		3		2	12		3	2	428 
429		112	45		1		2		2	13		3	2	429 
430		112	46		1		1		2	14		3	2	430 
431		112	47		1		0		2	15		3	0	431 
432		112	48		1		31		3	0		3	0	432 
433		112	49		1		30		3	1		3	2	433 
434		112	50		1		29		3	2		3	2	434 
435		112	51		1		28		3	3		3	2	435 
436		112	52		1		27		3	4		3	2	436 
437		112	53		1		26		3	5		3	2	437 
438		112	54		1		25		3	6		3	2	438 
439		112	55		1		24		3	7		3	2	439 
440		112	56		1		23		3	8		3	2	440 
441		112	57		1		22		3	9		3	2	441 
442		112	58		1		21		3	10		3	2	442 
443		112	59		1		20		3	11		3	2	443 
444		112	60		1		19		3	12		3	2	444 
445		112	61		1		18		3	13		3	2	445 
446		112	62		1		17		3	14		3	2	446 
447		112	63		1		16		3	15		3	0	447 
448		112	64		0		48		4	0		3	1	448 
449		112	65		0		49		4	1		3	1	449 
450		112	66		0		50		4	2		3	0	450 
451		112	67		0		51		4	3		3	1	451 
452		112	68		0		52		4	4		3	0	452 
453		112	69		0		53		4	5		3	1	453 
454		112	70		0		54		4	6		3	0	454 
455		112	71		0		55		4	7		3	1	455 
456		112	72		0		56		4	8		3	0	456 
457		112	73		0		57		4	9		3	1	457 
458		112	74		0		58		4	10		3	0	458 
459		112	75		0		59		4	11		3	1	459 
460		112	76		0		60		4	12		3	0	460 
461		112	77		0		61		4	13		3	1	461 
462		112	78		0		62		4	14		3	0	462 
463		112	79		0		63		4	15		3	1	463 
464		112	80		0		32		5	0		3	1	464 
465		112	81		0		33		5	1		3	0	465 
466		112	82		0		34		5	2		3	1	466 
467		112	83		0		35		5	3		3	0	467 
468		112	84		0		36		5	4		3	1	468 
469		112	85		0		37		5	5		3	0	469 
470		112	86		0		38		5	6		3	1	470 
471		112	87		0		39		5	7		3	0	471 
472		112	88		0		40		5	8		3	1	472 
473		112	89		0		41		5	9		3	0	473 
474		112	90		0		42		5	10		3	1	474 
475		112	91		0		43		5	11		3	0	475 
476		112	92		0		44		5	12		3	1	476 
477		112	93		0		45		5	13		3	0	477 
478		112	94		0		46		5	14		3	1	478 
479		112	95		0		47		5	15		3	1	479 
480		112	96		0		31		6	0		3	0	480 
481		112	97		0		30		6	1		3	2	481 
482		112	98		0		29		6	2		3	2	482 
483		112	99		0		28		6	3		3	2	483 
484		112	100		0		27		6	4		3	2	484 
485		112	101		0		26		6	5		3	2	485 
486		112	102		0		25		6	6		3	2	486 
487		112	103		0		24		6	7		3	2	487 
488		112	104		0		23		6	8		3	2	488 
489		112	105		0		22		6	9		3	2	489 
490		112	106		0		21		6	10		3	2	490 
491		112	107		0		20		6	11		3	2	491 
492		112	108		0		19		6	12		3	2	492 
493		112	109		0		18		6	13		3	2	493 
494		112	110		0		17		6	14		3	2	494 
495		112	111		0		16		6	15		3	0	495 
496		112	112		0		15		7	0		3	0	496 
497		112	113		0		14		7	1		3	2	497 
498		112	114		0		13		7	2		3	2	498 
499		112	115		0		12		7	3		3	2	499 
500		112	116		0		11		7	4		3	2	500 
501		112	117		0		10		7	5		3	2	501 
502		112	118		0		9		7	6		3	2	502 
503		112	119		0		8		7	7		3	2	503 
504		112	120		0		7		7	8		3	2	504 
505		112	121		0		6		7	9		3	2	505 
506		112	122		0		5		7	10		3	2	506 
507		112	123		0		4		7	11		3	2	507 
508		112	124		0		3		7	12		3	2	508 
509		112	125		0		2		7	13		3	2	509 
510		112	126		0		1		7	14		3	2	510 
511		112	127		0		0		7	15		3	0	511 
512		120	0		1		32		0	0		2	1	512 
513		120	1		1		33		0	1		2	0	513 
514		120	2		1		34		0	2		2	1	514 
515		120	3		1		35		0	3		2	0	515 
516		120	4		1		36		0	4		2	1	516 
517		120	5		1		37		0	5		2	0	517 
518		120	6		1		38		0	6		2	1	518 
519		120	7		1		39		0	7		2	0	519 
520		120	8		1		40		0	8		2	1	520 
521		120	9		1		41		0	9		2	0	521 
522		120	10		1		42		0	10		2	1	522 
523		120	11		1		43		0	11		2	0	523 
524		120	12		1		44		0	12		2	1	524 
525		120	13		1		45		0	13		2	0	525 
526		120	14		1		46		0	14		2	1	526 
527		120	15		1		47		0	15		2	1	527 
528		120	16		1		48		1	0		2	1	528 
529		120	17		1		49		1	1		2	1	529 
530		120	18		1		50		1	2		2	0	530 
531		120	19		1		51		1	3		2	1	531 
532		120	20		1		52		1	4		2	0	532 
533		120	21		1		53		1	5		2	1	533 
534		120	22		1		54		1	6		2	0	534 
535		120	23		1		55		1	7		2	1	535 
536		120	24		1		56		1	8		2	0	536 
537		120	25		1		57		1	9		2	1	537 
538		120	26		1		58		1	10		2	0	538 
539		120	27		1		59		1	11		2	1	539 
540		120	28		1		60		1	12		2	0	540 
541		120	29		1		61		1	13		2	1	541 
542		120	30		1		62		1	14		2	0	542 
543		120	31		1		63		1	15		2	1	543 
544		120	32		1		15		2	0		2	0	544 
545		120	33		1		14		2	1		2	2	545 
546		120	34		1		13		2	2		2	2	546 
547		120	35		1		12		2	3		2	2	547 
548		120	36		1		11		2	4		2	2	548 
549		120	37		1		10		2	5		2	2	549 
550		120	38		1		9		2	6		2	2	550 
551		120	39		1		8		2	7		2	2	551 
552		120	40		1		7		2	8		2	2	552 
553		120	41		1		6		2	9		2	2	553 
554		120	42		1		5		2	10		2	2	554 
555		120	43		1		4		2	11		2	2	555 
556		120	44		1		3		2	12		2	2	556 
557		120	45		1		2		2	13		2	2	557 
558		120	46		1		1		2	14		2	2	558 
559		120	47		1		0		2	15		2	0	559 
560		120	48		1		31		3	0		2	0	560 
561		120	49		1		30		3	1		2	2	561 
562		120	50		1		29		3	2		2	2	562 
563		120	51		1		28		3	3		2	2	563 
564		120	52		1		27		3	4		2	2	564 
565		120	53		1		26		3	5		2	2	565 
566		120	54		1		25		3	6		2	2	566 
567		120	55		1		24		3	7		2	2	567 
568		120	56		1		23		3	8		2	2	568 
569		120	57		1		22		3	9		2	2	569 
570		120	58		1		21		3	10		2	2	570 
571		120	59		1		20		3	11		2	2	571 
572		120	60		1		19		3	12		2	2	572 
573		120	61		1		18		3	13		2	2	573 
574		120	62		1		17		3	14		2	2	574 
575		120	63		1		16		3	15		2	0	575 
576		120	64		0		48		4	0		2	1	576 
577		120	65		0		49		4	1		2	1	577 
578		120	66		0		50		4	2		2	0	578 
579		120	67		0		51		4	3		2	1	579 
580		120	68		0		52		4	4		2	0	580 
581		120	69		0		53		4	5		2	1	581 
582		120	70		0		54		4	6		2	0	582 
583		120	71		0		55		4	7		2	1	583 
584		120	72		0		56		4	8		2	0	584 
585		120	73		0		57		4	9		2	1	585 
586		120	74		0		58		4	10		2	0	586 
587		120	75		0		59		4	11		2	1	587 
588		120	76		0		60		4	12		2	0	588 
589		120	77		0		61		4	13		2	1	589 
590		120	78		0		62		4	14		2	0	590 
591		120	79		0		63		4	15		2	1	591 
592		120	80		0		32		5	0		2	1	592 
593		120	81		0		33		5	1		2	0	593 
594		120	82		0		34		5	2		2	1	594 
595		120	83		0		35		5	3		2	0	595 
596		120	84		0		36		5	4		2	1	596 
597		120	85		0		37		5	5		2	0	597 
598		120	86		0		38		5	6		2	1	598 
599		120	87		0		39		5	7		2	0	599 
600		120	88		0		40		5	8		2	1	600 
601		120	89		0		41		5	9		2	0	601 
602		120	90		0		42		5	10		2	1	602 
603		120	91		0		43		5	11		2	0	603 
604		120	92		0		44		5	12		2	1	604 
605		120	93		0		45		5	13		2	0	605 
606		120	94		0		46		5	14		2	1	606 
607		120	95		0		47		5	15		2	1	607 
608		120	96		0		31		6	0		2	0	608 
609		120	97		0		30		6	1		2	2	609 
610		120	98		0		29		6	2		2	2	610 
611		120	99		0		28		6	3		2	2	611 
612		120	100		0		27		6	4		2	2	612 
613		120	101		0		26		6	5		2	2	613 
614		120	102		0		25		6	6		2	2	614 
615		120	103		0		24		6	7		2	2	615 
616		120	104		0		23		6	8		2	2	616 
617		120	105		0		22		6	9		2	2	617 
618		120	106		0		21		6	10		2	2	618 
619		120	107		0		20		6	11		2	2	619 
620		120	108		0		19		6	12		2	2	620 
621		120	109		0		18		6	13		2	2	621 
622		120	110		0		17		6	14		2	2	622 
623		120	111		0		16		6	15		2	0	623 
624		120	112		0		15		7	0		2	0	624 
625		120	113		0		14		7	1		2	2	625 
626		120	114		0		13		7	2		2	2	626 
627		120	115		0		12		7	3		2	2	627 
628		120	116		0		11		7	4		2	2	628 
629		120	117		0		10		7	5		2	2	629 
630		120	118		0		9		7	6		2	2	630 
631		120	119		0		8		7	7		2	2	631 
632		120	120		0		7		7	8		2	2	632 
633		120	121		0		6		7	9		2	2	633 
634		120	122		0		5		7	10		2	2	634 
635		120	123		0		4		7	11		2	2	635 
636		120	124		0		3		7	12		2	2	636 
637		120	125		0		2		7	13		2	2	637 
638		120	126		0		1		7	14		2	2	638 
639		120	127		0		0		7	15		2	0	639 
640		122	0		1		32		0	0		2	1	640 
641		122	1		1		33		0	1		2	0	641 
642		122	2		1		34		0	2		2	1	642 
643		122	3		1		35		0	3		2	0	643 
644		122	4		1		36		0	4		2	1	644 
645		122	5		1		37		0	5		2	0	645 
646		122	6		1		38		0	6		2	1	646 
647		122	7		1		39		0	7		2	0	647 
648		122	8		1		40		0	8		2	1	648 
649		122	9		1		41		0	9		2	0	649 
650		122	10		1		42		0	10		2	1	650 
651		122	11		1		43		0	11		2	0	651 
652		122	12		1		44		0	12		2	1	652 
653		122	13		1		45		0	13		2	0	653 
654		122	14		1		46		0	14		2	1	654 
655		122	15		1		47		0	15		2	1	655 
656		122	16		1		48		1	0		2	1	656 
657		122	17		1		49		1	1		2	1	657 
658		122	18		1		50		1	2		2	0	658 
659		122	19		1		51		1	3		2	1	659 
660		122	20		1		52		1	4		2	0	660 
661		122	21		1		53		1	5		2	1	661 
662		122	22		1		54		1	6		2	0	662 
663		122	23		1		55		1	7		2	1	663 
664		122	24		1		56		1	8		2	0	664 
665		122	25		1		57		1	9		2	1	665 
666		122	26		1		58		1	10		2	0	666 
667		122	27		1		59		1	11		2	1	667 
668		122	28		1		60		1	12		2	0	668 
669		122	29		1		61		1	13		2	1	669 
670		122	30		1		62		1	14		2	0	670 
671		122	31		1		63		1	15		2	1	671 
672		122	32		1		15		2	0		2	0	672 
673		122	33		1		14		2	1		2	2	673 
674		122	34		1		13		2	2		2	2	674 
675		122	35		1		12		2	3		2	2	675 
676		122	36		1		11		2	4		2	2	676 
677		122	37		1		10		2	5		2	2	677 
678		122	38		1		9		2	6		2	2	678 
679		122	39		1		8		2	7		2	2	679 
680		122	40		1		7		2	8		2	2	680 
681		122	41		1		6		2	9		2	2	681 
682		122	42		1		5		2	10		2	2	682 
683		122	43		1		4		2	11		2	2	683 
684		122	44		1		3		2	12		2	2	684 
685		122	45		1		2		2	13		2	2	685 
686		122	46		1		1		2	14		2	2	686 
687		122	47		1		0		2	15		2	0	687 
688		122	48		1		31		3	0		2	0	688 
689		122	49		1		30		3	1		2	2	689 
690		122	50		1		29		3	2		2	2	690 
691		122	51		1		28		3	3		2	2	691 
692		122	52		1		27		3	4		2	2	692 
693		122	53		1		26		3	5		2	2	693 
694		122	54		1		25		3	6		2	2	694 
695		122	55		1		24		3	7		2	2	695 
696		122	56		1		23		3	8		2	2	696 
697		122	57		1		22		3	9		2	2	697 
698		122	58		1		21		3	10		2	2	698 
699		122	59		1		20		3	11		2	2	699 
700		122	60		1		19		3	12		2	2	700 
701		122	61		1		18		3	13		2	2	701 
702		122	62		1		17		3	14		2	2	702 
703		122	63		1		16		3	15		2	0	703 
704		122	64		0		48		4	0		2	1	704 
705		122	65		0		49		4	1		2	1	705 
706		122	66		0		50		4	2		2	0	706 
707		122	67		0		51		4	3		2	1	707 
708		122	68		0		52		4	4		2	0	708 
709		122	69		0		53		4	5		2	1	709 
710		122	70		0		54		4	6		2	0	710 
711		122	71		0		55		4	7		2	1	711 
712		122	72		0		56		4	8		2	0	712 
713		122	73		0		57		4	9		2	1	713 
714		122	74		0		58		4	10		2	0	714 
715		122	75		0		59		4	11		2	1	715 
716		122	76		0		60		4	12		2	0	716 
717		122	77		0		61		4	13		2	1	717 
718		122	78		0		62		4	14		2	0	718 
719		122	79		0		63		4	15		2	1	719 
720		122	80		0		32		5	0		2	1	720 
721		122	81		0		33		5	1		2	0	721 
722		122	82		0		34		5	2		2	1	722 
723		122	83		0		35		5	3		2	0	723 
724		122	84		0		36		5	4		2	1	724 
725		122	85		0		37		5	5		2	0	725 
726		122	86		0		38		5	6		2	1	726 
727		122	87		0		39		5	7		2	0	727 
728		122	88		0		40		5	8		2	1	728 
729		122	89		0		41		5	9		2	0	729 
730		122	90		0		42		5	10		2	1	730 
731		122	91		0		43		5	11		2	0	731 
732		122	92		0		44		5	12		2	1	732 
733		122	93		0		45		5	13		2	0	733 
734		122	94		0		46		5	14		2	1	734 
735		122	95		0		47		5	15		2	1	735 
736		122	96		0		31		6	0		2	0	736 
737		122	97		0		30		6	1		2	2	737 
738		122	98		0		29		6	2		2	2	738 
739		122	99		0		28		6	3		2	2	739 
740		122	100		0		27		6	4		2	2	740 
741		122	101		0		26		6	5		2	2	741 
742		122	102		0		25		6	6		2	2	742 
743		122	103		0		24		6	7		2	2	743 
744		122	104		0		23		6	8		2	2	744 
745		122	105		0		22		6	9		2	2	745 
746		122	106		0		21		6	10		2	2	746 
747		122	107		0		20		6	11		2	2	747 
748		122	108		0		19		6	12		2	2	748 
749		122	109		0		18		6	13		2	2	749 
750		122	110		0		17		6	14		2	2	750 
751		122	111		0		16		6	15		2	0	751 
752		122	112		0		15		7	0		2	0	752 
753		122	113		0		14		7	1		2	2	753 
754		122	114		0		13		7	2		2	2	754 
755		122	115		0		12		7	3		2	2	755 
756		122	116		0		11		7	4		2	2	756 
757		122	117		0		10		7	5		2	2	757 
758		122	118		0		9		7	6		2	2	758 
759		122	119		0		8		7	7		2	2	759 
760		122	120		0		7		7	8		2	2	760 
761		122	121		0		6		7	9		2	2	761 
762		122	122		0		5		7	10		2	2	762 
763		122	123		0		4		7	11		2	2	763 
764		122	124		0		3		7	12		2	2	764 
765		122	125		0		2		7	13		2	2	765 
766		122	126		0		1		7	14		2	2	766 
767		122	127		0		0		7	15		2	0	767 
768		130	0		1		32		0	0		2	1	768 
769		130	1		1		33		0	1		2	0	769 
770		130	2		1		34		0	2		2	1	770 
771		130	3		1		35		0	3		2	0	771 
772		130	4		1		36		0	4		2	1	772 
773		130	5		1		37		0	5		2	0	773 
774		130	6		1		38		0	6		2	1	774 
775		130	7		1		39		0	7		2	0	775 
776		130	8		1		40		0	8		2	1	776 
777		130	9		1		41		0	9		2	0	777 
778		130	10		1		42		0	10		2	1	778 
779		130	11		1		43		0	11		2	0	779 
780		130	12		1		44		0	12		2	1	780 
781		130	13		1		45		0	13		2	0	781 
782		130	14		1		46		0	14		2	1	782 
783		130	15		1		47		0	15		2	1	783 
784		130	16		1		48		1	0		2	1	784 
785		130	17		1		49		1	1		2	1	785 
786		130	18		1		50		1	2		2	0	786 
787		130	19		1		51		1	3		2	1	787 
788		130	20		1		52		1	4		2	0	788 
789		130	21		1		53		1	5		2	1	789 
790		130	22		1		54		1	6		2	0	790 
791		130	23		1		55		1	7		2	1	791 
792		130	24		1		56		1	8		2	0	792 
793		130	25		1		57		1	9		2	1	793 
794		130	26		1		58		1	10		2	0	794 
795		130	27		1		59		1	11		2	1	795 
796		130	28		1		60		1	12		2	0	796 
797		130	29		1		61		1	13		2	1	797 
798		130	30		1		62		1	14		2	0	798 
799		130	31		1		63		1	15		2	1	799 
800		130	32		1		15		2	0		2	0	800 
801		130	33		1		14		2	1		2	2	801 
802		130	34		1		13		2	2		2	2	802 
803		130	35		1		12		2	3		2	2	803 
804		130	36		1		11		2	4		2	2	804 
805		130	37		1		10		2	5		2	2	805 
806		130	38		1		9		2	6		2	2	806 
807		130	39		1		8		2	7		2	2	807 
808		130	40		1		7		2	8		2	2	808 
809		130	41		1		6		2	9		2	2	809 
810		130	42		1		5		2	10		2	2	810 
811		130	43		1		4		2	11		2	2	811 
812		130	44		1		3		2	12		2	2	812 
813		130	45		1		2		2	13		2	2	813 
814		130	46		1		1		2	14		2	2	814 
815		130	47		1		0		2	15		2	0	815 
816		130	48		1		31		3	0		2	0	816 
817		130	49		1		30		3	1		2	2	817 
818		130	50		1		29		3	2		2	2	818 
819		130	51		1		28		3	3		2	2	819 
820		130	52		1		27		3	4		2	2	820 
821		130	53		1		26		3	5		2	2	821 
822		130	54		1		25		3	6		2	2	822 
823		130	55		1		24		3	7		2	2	823 
824		130	56		1		23		3	8		2	2	824 
825		130	57		1		22		3	9		2	2	825 
826		130	58		1		21		3	10		2	2	826 
827		130	59		1		20		3	11		2	2	827 
828		130	60		1		19		3	12		2	2	828 
829		130	61		1		18		3	13		2	2	829 
830		130	62		1		17		3	14		2	2	830 
831		130	63		1		16		3	15		2	0	831 
832		130	64		0		48		4	0		2	1	832 
833		130	65		0		49		4	1		2	1	833 
834		130	66		0		50		4	2		2	0	834 
835		130	67		0		51		4	3		2	1	835 
836		130	68		0		52		4	4		2	0	836 
837		130	69		0		53		4	5		2	1	837 
838		130	70		0		54		4	6		2	0	838 
839		130	71		0		55		4	7		2	1	839 
840		130	72		0		56		4	8		2	0	840 
841		130	73		0		57		4	9		2	1	841 
842		130	74		0		58		4	10		2	0	842 
843		130	75		0		59		4	11		2	1	843 
844		130	76		0		60		4	12		2	0	844 
845		130	77		0		61		4	13		2	1	845 
846		130	78		0		62		4	14		2	0	846 
847		130	79		0		63		4	15		2	1	847 
848		130	80		0		32		5	0		2	1	848 
849		130	81		0		33		5	1		2	0	849 
850		130	82		0		34		5	2		2	1	850 
851		130	83		0		35		5	3		2	0	851 
852		130	84		0		36		5	4		2	1	852 
853		130	85		0		37		5	5		2	0	853 
854		130	86		0		38		5	6		2	1	854 
855		130	87		0		39		5	7		2	0	855 
856		130	88		0		40		5	8		2	1	856 
857		130	89		0		41		5	9		2	0	857 
858		130	90		0		42		5	10		2	1	858 
859		130	91		0		43		5	11		2	0	859 
860		130	92		0		44		5	12		2	1	860 
861		130	93		0		45		5	13		2	0	861 
862		130	94		0		46		5	14		2	1	862 
863		130	95		0		47		5	15		2	1	863 
864		130	96		0		31		6	0		2	0	864 
865		130	97		0		30		6	1		2	2	865 
866		130	98		0		29		6	2		2	2	866 
867		130	99		0		28		6	3		2	2	867 
868		130	100		0		27		6	4		2	2	868 
869		130	101		0		26		6	5		2	2	869 
870		130	102		0		25		6	6		2	2	870 
871		130	103		0		24		6	7		2	2	871 
872		130	104		0		23		6	8		2	2	872 
873		130	122		0		22		6	9		2	2	873 
874		130	106		0		21		6	10		2	2	874 
875		130	107		0		20		6	11		2	2	875 
876		130	108		0		19		6	12		2	2	876 
877		130	109		0		18		6	13		2	2	877 
878		130	110		0		17		6	14		2	2	878 
879		130	111		0		16		6	15		2	0	879 
880		130	112		0		15		7	0		2	0	880 
881		130	113		0		14		7	1		2	2	881 
882		130	114		0		13		7	2		2	2	882 
883		130	115		0		12		7	3		2	2	883 
884		130	116		0		11		7	4		2	2	884 
885		130	117		0		10		7	5		2	2	885 
886		130	118		0		9		7	6		2	2	886 
887		130	119		0		8		7	7		2	2	887 
888		130	120		0		7		7	8		2	2	888 
889		130	121		0		6		7	9		2	2	889 
890		130	122		0		5		7	10		2	2	890 
891		130	123		0		4		7	11		2	2	891 
892		130	124		0		3		7	12		2	2	892 
893		130	125		0		2		7	13		2	2	893 
894		130	126		0		1		7	14		2	2	894 
895		130	127		0		0		7	15		2	0	895 
896		132	0		1		32		0	0		2	1	896 
897		132	1		1		33		0	1		2	0	897 
898		132	2		1		34		0	2		2	1	898 
899		132	3		1		35		0	3		2	0	899 
900		132	4		1		36		0	4		2	1	900 
901		132	5		1		37		0	5		2	0	901 
902		132	6		1		38		0	6		2	1	902 
903		132	7		1		39		0	7		2	0	903 
904		132	8		1		40		0	8		2	1	904 
905		132	9		1		41		0	9		2	0	905 
906		132	10		1		42		0	10		2	1	906 
907		132	11		1		43		0	11		2	0	907 
908		132	12		1		44		0	12		2	1	908 
909		132	13		1		45		0	13		2	0	909 
910		132	14		1		46		0	14		2	1	910 
911		132	15		1		47		0	15		2	1	911 
912		132	16		1		48		1	0		2	1	912 
913		132	17		1		49		1	1		2	1	913 
914		132	18		1		50		1	2		2	0	914 
915		132	19		1		51		1	3		2	1	915 
916		132	20		1		52		1	4		2	0	916 
917		132	21		1		53		1	5		2	1	917 
918		132	22		1		54		1	6		2	0	918 
919		132	23		1		55		1	7		2	1	919 
920		132	24		1		56		1	8		2	0	920 
921		132	25		1		57		1	9		2	1	921 
922		132	26		1		58		1	10		2	0	922 
923		132	27		1		59		1	11		2	1	923 
924		132	28		1		60		1	12		2	0	924 
925		132	29		1		61		1	13		2	1	925 
926		132	30		1		62		1	14		2	0	926 
927		132	31		1		63		1	15		2	1	927 
928		132	32		1		15		2	0		2	0	928 
929		132	33		1		14		2	1		2	2	929 
930		132	34		1		13		2	2		2	2	930 
931		132	35		1		12		2	3		2	2	931 
932		132	36		1		11		2	4		2	2	932 
933		132	37		1		10		2	5		2	2	933 
934		132	38		1		9		2	6		2	2	934 
935		132	39		1		8		2	7		2	2	935 
936		132	40		1		7		2	8		2	2	936 
937		132	41		1		6		2	9		2	2	937 
938		132	42		1		5		2	10		2	2	938 
939		132	43		1		4		2	11		2	2	939 
940		132	44		1		3		2	12		2	2	940 
941		132	45		1		2		2	13		2	2	941 
942		132	46		1		1		2	14		2	2	942 
943		132	47		1		0		2	15		2	0	943 
944		132	48		1		31		3	0		2	0	944 
945		132	49		1		30		3	1		2	2	945 
946		132	50		1		29		3	2		2	2	946 
947		132	51		1		28		3	3		2	2	947 
948		132	52		1		27		3	4		2	2	948 
949		132	53		1		26		3	5		2	2	949 
950		132	54		1		25		3	6		2	2	950 
951		132	55		1		24		3	7		2	2	951 
952		132	56		1		23		3	8		2	2	952 
953		132	57		1		22		3	9		2	2	953 
954		132	58		1		21		3	10		2	2	954 
955		132	59		1		20		3	11		2	2	955 
956		132	60		1		19		3	12		2	2	956 
957		132	61		1		18		3	13		2	2	957 
958		132	62		1		17		3	14		2	2	958 
959		132	63		1		16		3	15		2	0	959 
960		132	64		0		48		4	0		2	1	960 
961		132	65		0		49		4	1		2	1	961 
962		132	66		0		50		4	2		2	0	962 
963		132	67		0		51		4	3		2	1	963 
964		132	68		0		52		4	4		2	0	964 
965		132	69		0		53		4	5		2	1	965 
966		132	70		0		54		4	6		2	0	966 
967		132	71		0		55		4	7		2	1	967 
968		132	72		0		56		4	8		2	0	968 
969		132	73		0		57		4	9		2	1	969 
970		132	74		0		58		4	10		2	0	970 
971		132	75		0		59		4	11		2	1	971 
972		132	76		0		60		4	12		2	0	972 
973		132	77		0		61		4	13		2	1	973 
974		132	78		0		62		4	14		2	0	974 
975		132	79		0		63		4	15		2	1	975 
976		132	80		0		32		5	0		2	1	976 
977		132	81		0		33		5	1		2	0	977 
978		132	82		0		34		5	2		2	1	978 
979		132	83		0		35		5	3		2	0	979 
980		132	84		0		36		5	4		2	1	980 
981		132	85		0		37		5	5		2	0	981 
982		132	86		0		38		5	6		2	1	982 
983		132	87		0		39		5	7		2	0	983 
984		132	88		0		40		5	8		2	1	984 
985		132	89		0		41		5	9		2	0	985 
986		132	90		0		42		5	10		2	1	986 
987		132	91		0		43		5	11		2	0	987 
988		132	92		0		44		5	12		2	1	988 
989		132	93		0		45		5	13		2	0	989 
990		132	94		0		46		5	14		2	1	990 
991		132	95		0		47		5	15		2	1	991 
992		132	96		0		31		6	0		2	0	992 
993		132	97		0		30		6	1		2	2	993 
994		132	98		0		29		6	2		2	2	994 
995		132	99		0		28		6	3		2	2	995 
996		132	100		0		27		6	4		2	2	996 
997		132	101		0		26		6	5		2	2	997 
998		132	102		0		25		6	6		2	2	998 
999		132	103		0		24		6	7		2	2	999 
1000		132	104		0		23		6	8		2	2	1000
1001		132	122		0		22		6	9		2	2	1001
1002		132	130		0		21		6	10		2	2	1002
1003		132	107		0		20		6	11		2	2	1003
1004		132	108		0		19		6	12		2	2	1004
1005		132	109		0		18		6	13		2	2	1005
1006		132	110		0		17		6	14		2	2	1006
1007		132	111		0		16		6	15		2	0	1007
1008		132	112		0		15		7	0		2	0	1008
1009		132	113		0		14		7	1		2	2	1009
1010		132	114		0		13		7	2		2	2	1010
1011		132	115		0		12		7	3		2	2	1011
1012		132	116		0		11		7	4		2	2	1012
1013		132	117		0		10		7	5		2	2	1013
1014		132	118		0		9		7	6		2	2	1014
1015		132	119		0		8		7	7		2	2	1015
1016		132	120		0		7		7	8		2	2	1016
1017		132	121		0		6		7	9		2	2	1017
1018		132	122		0		5		7	10		2	2	1018
1019		132	123		0		4		7	11		2	2	1019
1020		132	124		0		3		7	12		2	2	1020
1021		132	125		0		2		7	13		2	2	1021
1022		132	126		0		1		7	14		2	2	1022
1023		132	127		0		0		7	15		2	0	1023
1024		200	0		1		32		0	0		0	1	1024
1025		200	1		1		33		0	1		0	0	1025
1026		200	2		1		34		0	2		0	1	1026
1027		200	3		1		35		0	3		0	0	1027
1028		200	4		1		36		0	4		0	1	1028
1029		200	5		1		37		0	5		0	0	1029
1030		200	6		1		38		0	6		0	1	1030
1031		200	7		1		39		0	7		0	0	1031
1032		200	8		1		40		0	8		0	1	1032
1033		200	9		1		41		0	9		0	0	1033
1034		200	10		1		42		0	10		0	1	1034
1035		200	11		1		43		0	11		0	0	1035
1036		200	12		1		44		0	12		0	1	1036
1037		200	13		1		45		0	13		0	0	1037
1038		200	14		1		46		0	14		0	1	1038
1039		200	15		1		47		0	15		0	1	1039
1040		200	16		1		48		1	0		0	1	1040
1041		200	17		1		49		1	1		0	1	1041
1042		200	18		1		50		1	2		0	0	1042
1043		200	19		1		51		1	3		0	1	1043
1044		200	20		1		52		1	4		0	0	1044
1045		200	21		1		53		1	5		0	1	1045
1046		200	22		1		54		1	6		0	0	1046
1047		200	23		1		55		1	7		0	1	1047
1048		200	24		1		56		1	8		0	0	1048
1049		200	25		1		57		1	9		0	1	1049
1220		200	26		1		58		1	10		0	0	1050
1221		200	27		1		59		1	11		0	1	1051
1222		200	28		1		60		1	12		0	0	1052
1223		200	29		1		61		1	13		0	1	1053
1224		200	30		1		62		1	14		0	0	1054
1225		200	31		1		63		1	15		0	1	1055
1226		200	32		1		15		2	0		0	0	1056
1227		200	33		1		14		2	1		0	2	1057
1228		200	34		1		13		2	2		0	2	1058
1229		200	35		1		12		2	3		0	2	1059
1300		200	36		1		11		2	4		0	2	1060
1301		200	37		1		10		2	5		0	2	1061
1302		200	38		1		9		2	6		0	2	1062
1303		200	39		1		8		2	7		0	2	1063
1304		200	40		1		7		2	8		0	2	1064
1305		200	41		1		6		2	9		0	2	1065
1306		200	42		1		5		2	10		0	2	1066
1307		200	43		1		4		2	11		0	2	1067
1308		200	44		1		3		2	12		0	2	1068
1309		200	45		1		2		2	13		0	2	1069
1320		200	46		1		1		2	14		0	2	1070
1321		200	47		1		0		2	15		0	0	1071
1322		200	48		1		31		3	0		0	0	1072
1323		200	49		1		30		3	1		0	2	1073
1324		200	50		1		29		3	2		0	2	1074
1325		200	51		1		28		3	3		0	2	1075
1326		200	52		1		27		3	4		0	2	1076
1327		200	53		1		26		3	5		0	2	1077
1328		200	54		1		25		3	6		0	2	1078
1329		200	55		1		24		3	7		0	2	1079
2000		108	56		1		23		3	8		0	2	1080
2001		108	57		1		22		3	9		0	2	1081
2002		108	58		1		21		3	10		0	2	1082
2003		108	59		1		20		3	11		0	2	1083
2004		108	60		1		19		3	12		0	2	1084
2005		108	61		1		18		3	13		0	2	1085
2006		108	62		1		17		3	14		0	2	1086
2007		108	63		1		16		3	15		0	0	1087
2008		108	64		0		48		4	0		0	1	1088
2009		108	65		0		49		4	1		0	1	1089
1090		200	66		0		50		4	2		0	0	1090
1091		200	67		0		51		4	3		0	1	1091
1092		200	68		0		52		4	4		0	0	1092
1093		200	69		0		53		4	5		0	1	1093
1094		200	70		0		54		4	6		0	0	1094
1095		200	71		0		55		4	7		0	1	1095
1096		200	72		0		56		4	8		0	0	1096
1097		200	73		0		57		4	9		0	1	1097
1098		200	74		0		58		4	10		0	0	1098
1099		200	75		0		59		4	11		0	1	1099
1100		200	76		0		60		4	12		0	0	1100
1101		200	77		0		61		4	13		0	1	1101
1102		200	78		0		62		4	14		0	0	1102
1103		200	79		0		63		4	15		0	1	1103
1104		200	80		0		32		5	0		0	1	1104
1122		200	81		0		33		5	1		0	0	1105
1130		200	82		0		34		5	2		0	1	1106
1132		200	83		0		35		5	3		0	0	1107
1200		108	84		0		36		5	4		0	1	1108
1109		200	85		0		37		5	5		0	0	1109
1110		200	86		0		38		5	6		0	1	1110
1111		200	87		0		39		5	7		0	0	1111
1112		200	88		0		40		5	8		0	1	1112
1113		200	89		0		41		5	9		0	0	1113
1114		200	90		0		42		5	10		0	1	1114
1115		200	91		0		43		5	11		0	0	1115
1116		200	92		0		44		5	12		0	1	1116
1117		200	93		0		45		5	13		0	0	1117
1118		200	94		0		46		5	14		0	1	1118
1119		200	95		0		47		5	15		0	1	1119
1120		200	96		0		31		6	0		0	0	1120
1121		200	97		0		30		6	1		0	2	1121
1122		200	98		0		29		6	2		0	2	1122
1123		200	99		0		28		6	3		0	2	1123
1124		200	100		0		27		6	4		0	2	1124
1125		200	101		0		26		6	5		0	2	1125
1126		200	102		0		25		6	6		0	2	1126
1127		200	103		0		24		6	7		0	2	1127
1128		200	104		0		23		6	8		0	2	1128
1129		200	122		0		22		6	9		0	2	1129
1130		200	130		0		21		6	10		0	2	1130
1131		200	132		0		20		6	11		0	2	1131
1132		200	108		0		19		6	12		0	2	1132
1133		200	109		0		18		6	13		0	2	1133
1134		200	110		0		17		6	14		0	2	1134
1135		200	111		0		16		6	15		0	0	1135
1136		200	112		0		15		7	0		0	0	1136
1137		200	113		0		14		7	1		0	2	1137
1138		200	114		0		13		7	2		0	2	1138
1139		200	115		0		12		7	3		0	2	1139
1140		200	116		0		11		7	4		0	2	1140
1141		200	117		0		10		7	5		0	2	1141
1142		200	118		0		9		7	6		0	2	1142
1143		200	119		0		8		7	7		0	2	1143
1144		200	120		0		7		7	8		0	2	1144
1145		200	121		0		6		7	9		0	2	1145
1146		200	122		0		5		7	10		0	2	1146
1147		200	123		0		4		7	11		0	2	1147
1148		200	124		0		3		7	12		0	2	1148
1149		200	125		0		2		7	13		0	2	1149
1150		200	126		0		1		7	14		0	2	1150
1151		200	127		0		0		7	15		0	0	1151
1152		202	0		1		32		0	0		0	1	1152
1153		202	1		1		33		0	1		0	0	1153
1154		202	2		1		34		0	2		0	1	1154
1155		202	3		1		35		0	3		0	0	1155
1156		202	4		1		36		0	4		0	1	1156
1157		202	5		1		37		0	5		0	0	1157
1158		202	6		1		38		0	6		0	1	1158
1159		202	7		1		39		0	7		0	0	1159
1160		202	8		1		40		0	8		0	1	1160
1161		202	9		1		41		0	9		0	0	1161
1162		202	10		1		42		0	10		0	1	1162
1163		202	11		1		43		0	11		0	0	1163
1164		202	12		1		44		0	12		0	1	1164
1165		202	13		1		45		0	13		0	0	1165
1166		202	14		1		46		0	14		0	1	1166
1167		202	15		1		47		0	15		0	1	1167
1168		202	16		1		48		1	0		0	1	1168
1169		202	17		1		49		1	1		0	1	1169
1170		202	18		1		50		1	2		0	0	1170
1171		202	19		1		51		1	3		0	1	1171
1172		202	20		1		52		1	4		0	0	1172
1173		202	21		1		53		1	5		0	1	1173
1174		202	22		1		54		1	6		0	0	1174
1175		202	23		1		55		1	7		0	1	1175
1176		202	24		1		56		1	8		0	0	1176
1177		202	25		1		57		1	9		0	1	1177
1178		202	26		1		58		1	10		0	0	1178
1179		202	27		1		59		1	11		0	1	1179
1180		202	28		1		60		1	12		0	0	1180
1181		202	29		1		61		1	13		0	1	1181
1182		202	30		1		62		1	14		0	0	1182
1183		202	31		1		63		1	15		0	1	1183
1184		202	32		1		15		2	0		0	0	1184
1185		202	33		1		14		2	1		0	2	1185
1186		202	34		1		13		2	2		0	2	1186
1187		202	35		1		12		2	3		0	2	1187
1188		202	36		1		11		2	4		0	2	1188
1189		202	37		1		10		2	5		0	2	1189
1190		202	38		1		9		2	6		0	2	1190
1191		202	39		1		8		2	7		0	2	1191
1192		202	40		1		7		2	8		0	2	1192
1193		202	41		1		6		2	9		0	2	1193
1194		202	42		1		5		2	10		0	2	1194
1195		202	43		1		4		2	11		0	2	1195
1196		202	44		1		3		2	12		0	2	1196
1197		202	45		1		2		2	13		0	2	1197
1198		202	46		1		1		2	14		0	2	1198
1199		202	47		1		0		2	15		0	0	1199
1200		202	48		1		31		3	0		0	0	1200
1201		202	49		1		30		3	1		0	2	1201
1202		202	50		1		29		3	2		0	2	1202
1203		202	51		1		28		3	3		0	2	1203
1204		202	52		1		27		3	4		0	2	1204
1205		202	53		1		26		3	5		0	2	1205
1206		202	54		1		25		3	6		0	2	1206
1207		202	55		1		24		3	7		0	2	1207
1208		202	56		1		23		3	8		0	2	1208
1209		202	57		1		22		3	9		0	2	1209
1210		202	58		1		21		3	10		0	2	1210
1211		202	59		1		20		3	11		0	2	1211
1212		202	60		1		19		3	12		0	2	1212
1213		202	61		1		18		3	13		0	2	1213
1214		202	62		1		17		3	14		0	2	1214
1215		202	63		1		16		3	15		0	0	1215
1216		202	64		0		48		4	0		0	1	1216
1217		202	65		0		49		4	1		0	1	1217
1218		202	66		0		50		4	2		0	0	1218
1219		202	67		0		51		4	3		0	1	1219
1220		202	68		0		52		4	4		0	0	1220
1221		202	69		0		53		4	5		0	1	1221
1222		202	70		0		54		4	6		0	0	1222
1223		202	71		0		55		4	7		0	1	1223
1224		202	72		0		56		4	8		0	0	1224
1225		202	73		0		57		4	9		0	1	1225
1226		202	74		0		58		4	10		0	0	1226
1227		202	75		0		59		4	11		0	1	1227
1228		202	76		0		60		4	12		0	0	1228
1229		202	77		0		61		4	13		0	1	1229
1230		202	78		0		62		4	14		0	0	1230
1231		202	79		0		63		4	15		0	1	1231
1232		202	80		0		32		5	0		0	1	1232
1233		202	81		0		33		5	1		0	0	1233
1234		202	82		0		34		5	2		0	1	1234
1235		202	83		0		35		5	3		0	0	1235
1236		202	84		0		36		5	4		0	1	1236
1237		202	85		0		37		5	5		0	0	1237
1238		202	86		0		38		5	6		0	1	1238
1239		202	87		0		39		5	7		0	0	1239
1240		202	88		0		40		5	8		0	1	1240
1241		202	89		0		41		5	9		0	0	1241
1242		202	90		0		42		5	10		0	1	1242
1243		202	91		0		43		5	11		0	0	1243
1244		202	92		0		44		5	12		0	1	1244
1245		202	93		0		45		5	13		0	0	1245
1246		202	94		0		46		5	14		0	1	1246
1247		202	95		0		47		5	15		0	1	1247
1248		202	96		0		31		6	0		0	0	1248
1249		202	97		0		30		6	1		0	2	1249
1250		202	98		0		29		6	2		0	2	1250
1251		202	99		0		28		6	3		0	2	1251
1252		202	100		0		27		6	4		0	2	1252
1253		202	101		0		26		6	5		0	2	1253
1254		202	102		0		25		6	6		0	2	1254
1255		202	103		0		24		6	7		0	2	1255
1256		202	104		0		23		6	8		0	2	1256
1257		202	122		0		22		6	9		0	2	1257
1258		202	130		0		21		6	10		0	2	1258
1259		202	132		0		20		6	11		0	2	1259
1260		202	200		0		19		6	12		0	2	1260
1261		202	109		0		18		6	13		0	2	1261
1262		202	110		0		17		6	14		0	2	1262
1263		202	111		0		16		6	15		0	0	1263
1264		202	112		0		15		7	0		0	0	1264
1265		202	113		0		14		7	1		0	2	1265
1266		202	114		0		13		7	2		0	2	1266
1267		202	115		0		12		7	3		0	2	1267
1268		202	116		0		11		7	4		0	2	1268
1269		202	117		0		10		7	5		0	2	1269
1270		202	118		0		9		7	6		0	2	1270
1271		202	119		0		8		7	7		0	2	1271
1272		202	120		0		7		7	8		0	2	1272
1273		202	121		0		6		7	9		0	2	1273
1274		202	122		0		5		7	10		0	2	1274
1275		202	123		0		4		7	11		0	2	1275
1276		202	124		0		3		7	12		0	2	1276
1277		202	125		0		2		7	13		0	2	1277
1278		202	126		0		1		7	14		0	2	1278
1279		202	127		0		0		7	15		0	0	1279
1280		210	0		1		32		0	0		0	1	1280
1281		210	1		1		33		0	1		0	0	1281
1282		210	2		1		34		0	2		0	1	1282
1283		210	3		1		35		0	3		0	0	1283
1284		210	4		1		36		0	4		0	1	1284
1285		210	5		1		37		0	5		0	0	1285
1286		210	6		1		38		0	6		0	1	1286
1287		210	7		1		39		0	7		0	0	1287
1288		210	8		1		40		0	8		0	1	1288
1289		210	9		1		41		0	9		0	0	1289
1290		210	10		1		42		0	10		0	1	1290
1291		210	11		1		43		0	11		0	0	1291
1292		210	12		1		44		0	12		0	1	1292
1293		210	13		1		45		0	13		0	0	1293
1294		210	14		1		46		0	14		0	1	1294
1295		210	15		1		47		0	15		0	1	1295
1296		210	16		1		48		1	0		0	1	1296
1297		210	17		1		49		1	1		0	1	1297
1298		210	18		1		50		1	2		0	0	1298
1299		210	19		1		51		1	3		0	1	1299
1300		210	20		1		52		1	4		0	0	1300
1301		210	21		1		53		1	5		0	1	1301
1302		210	22		1		54		1	6		0	0	1302
1303		210	23		1		55		1	7		0	1	1303
1304		210	24		1		56		1	8		0	0	1304
1305		210	25		1		57		1	9		0	1	1305
1306		210	26		1		58		1	10		0	0	1306
1307		210	27		1		59		1	11		0	1	1307
1308		210	28		1		60		1	12		0	0	1308
1309		210	29		1		61		1	13		0	1	1309
1310		210	30		1		62		1	14		0	0	1310
1311		210	31		1		63		1	15		0	1	1311
1312		210	32		1		15		2	0		0	0	1312
1313		210	33		1		14		2	1		0	2	1313
1314		210	34		1		13		2	2		0	2	1314
1315		210	35		1		12		2	3		0	2	1315
1316		210	36		1		11		2	4		0	2	1316
1317		210	37		1		10		2	5		0	2	1317
1318		210	38		1		9		2	6		0	2	1318
1319		210	39		1		8		2	7		0	2	1319
2100		132	40		1		7		2	8		0	2	1320
2101		132	41		1		6		2	9		0	2	1321
2102		132	42		1		5		2	10		0	2	1322
2103		132	43		1		4		2	11		0	2	1323
2104		132	44		1		3		2	12		0	2	1324
2105		132	45		1		2		2	13		0	2	1325
2106		132	46		1		1		2	14		0	2	1326
2107		132	47		1		0		2	15		0	0	1327
2108		132	48		1		31		3	0		0	0	1328
2109		132	49		1		30		3	1		0	2	1329
1330		210	50		1		29		3	2		0	2	1330
1331		210	51		1		28		3	3		0	2	1331
1332		210	52		1		27		3	4		0	2	1332
1333		210	53		1		26		3	5		0	2	1333
1334		210	54		1		25		3	6		0	2	1334
1335		210	55		1		24		3	7		0	2	1335
1336		210	56		1		23		3	8		0	2	1336
1337		210	57		1		22		3	9		0	2	1337
1338		210	58		1		21		3	10		0	2	1338
1339		210	59		1		20		3	11		0	2	1339
1340		210	60		1		19		3	12		0	2	1340
1341		210	61		1		18		3	13		0	2	1341
1342		210	62		1		17		3	14		0	2	1342
1343		210	63		1		16		3	15		0	0	1343
1344		210	64		0		48		4	0		0	1	1344
1345		210	65		0		49		4	1		0	1	1345
1346		210	66		0		50		4	2		0	0	1346
1347		210	67		0		51		4	3		0	1	1347
1348		210	68		0		52		4	4		0	0	1348
1349		210	69		0		53		4	5		0	1	1349
1350		210	70		0		54		4	6		0	0	1350
1351		210	71		0		55		4	7		0	1	1351
1352		210	72		0		56		4	8		0	0	1352
1353		210	73		0		57		4	9		0	1	1353
1354		210	74		0		58		4	10		0	0	1354
1355		210	75		0		59		4	11		0	1	1355
1356		210	76		0		60		4	12		0	0	1356
1357		210	77		0		61		4	13		0	1	1357
1358		210	78		0		62		4	14		0	0	1358
1359		210	79		0		63		4	15		0	1	1359
1360		210	80		0		32		5	0		0	1	1360
1361		210	81		0		33		5	1		0	0	1361
1362		210	82		0		34		5	2		0	1	1362
1363		210	83		0		35		5	3		0	0	1363
1364		210	84		0		36		5	4		0	1	1364
1365		210	85		0		37		5	5		0	0	1365
1366		210	86		0		38		5	6		0	1	1366
1367		210	87		0		39		5	7		0	0	1367
1368		210	88		0		40		5	8		0	1	1368
1369		210	89		0		41		5	9		0	0	1369
1370		210	90		0		42		5	10		0	1	1370
1371		210	91		0		43		5	11		0	0	1371
1372		210	92		0		44		5	12		0	1	1372
1373		210	93		0		45		5	13		0	0	1373
1374		210	94		0		46		5	14		0	1	1374
1375		210	95		0		47		5	15		0	1	1375
1376		210	96		0		31		6	0		0	0	1376
1377		210	97		0		30		6	1		0	2	1377
1378		210	98		0		29		6	2		0	2	1378
1379		210	99		0		28		6	3		0	2	1379
1380		210	100		0		27		6	4		0	2	1380
1381		210	101		0		26		6	5		0	2	1381
1382		210	102		0		25		6	6		0	2	1382
1383		210	103		0		24		6	7		0	2	1383
1384		210	104		0		23		6	8		0	2	1384
1385		210	122		0		22		6	9		0	2	1385
1386		210	130		0		21		6	10		0	2	1386
1387		210	107		0		20		6	11		0	2	1387
1388		210	200		0		19		6	12		0	2	1388
1389		210	202		0		18		6	13		0	2	1389
1390		210	110		0		17		6	14		0	2	1390
1391		210	111		0		16		6	15		0	0	1391
1392		210	112		0		15		7	0		0	0	1392
1393		210	113		0		14		7	1		0	2	1393
1394		210	114		0		13		7	2		0	2	1394
1395		210	115		0		12		7	3		0	2	1395
1396		210	116		0		11		7	4		0	2	1396
1397		210	117		0		10		7	5		0	2	1397
1398		210	118		0		9		7	6		0	2	1398
1399		210	119		0		8		7	7		0	2	1399
1400		210	120		0		7		7	8		0	2	1400
1401		210	121		0		6		7	9		0	2	1401
1402		210	122		0		5		7	10		0	2	1402
1403		210	123		0		4		7	11		0	2	1403
1404		210	124		0		3		7	12		0	2	1404
1405		210	125		0		2		7	13		0	2	1405
1406		210	126		0		1		7	14		0	2	1406
1407		210	127		0		0		7	15		0	0	1407
1408		212	0		1		32		0	0		0	1	1408
1409		212	1		1		33		0	1		0	0	1409
1410		212	2		1		34		0	2		0	1	1410
1411		212	3		1		35		0	3		0	0	1411
1412		212	4		1		36		0	4		0	1	1412
1413		212	5		1		37		0	5		0	0	1413
1414		212	6		1		38		0	6		0	1	1414
1415		212	7		1		39		0	7		0	0	1415
1416		212	8		1		40		0	8		0	1	1416
1417		212	9		1		41		0	9		0	0	1417
1418		212	10		1		42		0	10		0	1	1418
1419		212	11		1		43		0	11		0	0	1419
1420		212	12		1		44		0	12		0	1	1420
1421		212	13		1		45		0	13		0	0	1421
1422		212	14		1		46		0	14		0	1	1422
1423		212	15		1		47		0	15		0	1	1423
1424		212	16		1		48		1	0		0	1	1424
1425		212	17		1		49		1	1		0	1	1425
1426		212	18		1		50		1	2		0	0	1426
1427		212	19		1		51		1	3		0	1	1427
1428		212	20		1		52		1	4		0	0	1428
1429		212	21		1		53		1	5		0	1	1429
1430		212	22		1		54		1	6		0	0	1430
1431		212	23		1		55		1	7		0	1	1431
1432		212	24		1		56		1	8		0	0	1432
1433		212	25		1		57		1	9		0	1	1433
1434		212	26		1		58		1	10		0	0	1434
1435		212	27		1		59		1	11		0	1	1435
1436		212	28		1		60		1	12		0	0	1436
1437		212	29		1		61		1	13		0	1	1437
1438		212	30		1		62		1	14		0	0	1438
1439		212	31		1		63		1	15		0	1	1439
1440		212	32		1		15		2	0		0	0	1440
1441		212	33		1		14		2	1		0	2	1441
1442		212	34		1		13		2	2		0	2	1442
1443		212	35		1		12		2	3		0	2	1443
1444		212	36		1		11		2	4		0	2	1444
1445		212	37		1		10		2	5		0	2	1445
1446		212	38		1		9		2	6		0	2	1446
1447		212	39		1		8		2	7		0	2	1447
1448		212	40		1		7		2	8		0	2	1448
1449		212	41		1		6		2	9		0	2	1449
1450		212	42		1		5		2	10		0	2	1450
1451		212	43		1		4		2	11		0	2	1451
1452		212	44		1		3		2	12		0	2	1452
1453		212	45		1		2		2	13		0	2	1453
1454		212	46		1		1		2	14		0	2	1454
1455		212	47		1		0		2	15		0	0	1455
1456		212	48		1		31		3	0		0	0	1456
1457		212	49		1		30		3	1		0	2	1457
1458		212	50		1		29		3	2		0	2	1458
1459		212	51		1		28		3	3		0	2	1459
1460		212	52		1		27		3	4		0	2	1460
1461		212	53		1		26		3	5		0	2	1461
1462		212	54		1		25		3	6		0	2	1462
1463		212	55		1		24		3	7		0	2	1463
1464		212	56		1		23		3	8		0	2	1464
1465		212	57		1		22		3	9		0	2	1465
1466		212	58		1		21		3	10		0	2	1466
1467		212	59		1		20		3	11		0	2	1467
1468		212	60		1		19		3	12		0	2	1468
1469		212	61		1		18		3	13		0	2	1469
1470		212	62		1		17		3	14		0	2	1470
1471		212	63		1		16		3	15		0	0	1471
1472		212	64		0		48		4	0		0	1	1472
1473		212	65		0		49		4	1		0	1	1473
1474		212	66		0		50		4	2		0	0	1474
1475		212	67		0		51		4	3		0	1	1475
1476		212	68		0		52		4	4		0	0	1476
1477		212	69		0		53		4	5		0	1	1477
1478		212	70		0		54		4	6		0	0	1478
1479		212	71		0		55		4	7		0	1	1479
1480		212	72		0		56		4	8		0	0	1480
1481		212	73		0		57		4	9		0	1	1481
1482		212	74		0		58		4	10		0	0	1482
1483		212	75		0		59		4	11		0	1	1483
1484		212	76		0		60		4	12		0	0	1484
1485		212	77		0		61		4	13		0	1	1485
1486		212	78		0		62		4	14		0	0	1486
1487		212	79		0		63		4	15		0	1	1487
1488		212	80		0		32		5	0		0	1	1488
1489		212	81		0		33		5	1		0	0	1489
1490		212	82		0		34		5	2		0	1	1490
1491		212	83		0		35		5	3		0	0	1491
1492		212	84		0		36		5	4		0	1	1492
1493		212	85		0		37		5	5		0	0	1493
1494		212	86		0		38		5	6		0	1	1494
1495		212	87		0		39		5	7		0	0	1495
1496		212	88		0		40		5	8		0	1	1496
1497		212	89		0		41		5	9		0	0	1497
1498		212	90		0		42		5	10		0	1	1498
1499		212	91		0		43		5	11		0	0	1499
1500		212	92		0		44		5	12		0	1	1500
1501		212	93		0		45		5	13		0	0	1501
1502		212	94		0		46		5	14		0	1	1502
1503		212	95		0		47		5	15		0	1	1503
1504		212	96		0		31		6	0		0	0	1504
1505		212	97		0		30		6	1		0	2	1505
1506		212	98		0		29		6	2		0	2	1506
1507		212	99		0		28		6	3		0	2	1507
1508		212	100		0		27		6	4		0	2	1508
1509		212	101		0		26		6	5		0	2	1509
1510		212	102		0		25		6	6		0	2	1510
1511		212	103		0		24		6	7		0	2	1511
1512		212	104		0		23		6	8		0	2	1512
1513		212	122		0		22		6	9		0	2	1513
1514		212	130		0		21		6	10		0	2	1514
1515		212	210		0		20		6	11		0	2	1515
1516		212	200		0		19		6	12		0	2	1516
1517		212	202		0		18		6	13		0	2	1517
1518		212	110		0		17		6	14		0	2	1518
1519		212	111		0		16		6	15		0	0	1519
1520		212	112		0		15		7	0		0	0	1520
1521		212	113		0		14		7	1		0	2	1521
1522		212	114		0		13		7	2		0	2	1522
1523		212	115		0		12		7	3		0	2	1523
1524		212	116		0		11		7	4		0	2	1524
1525		212	117		0		10		7	5		0	2	1525
1526		212	118		0		9		7	6		0	2	1526
1527		212	119		0		8		7	7		0	2	1527
1528		212	120		0		7		7	8		0	2	1528
1529		212	121		0		6		7	9		0	2	1529
1530		212	122		0		5		7	10		0	2	1530
1531		212	123		0		4		7	11		0	2	1531
1532		212	124		0		3		7	12		0	2	1532
1533		212	125		0		2		7	13		0	2	1533
1534		212	126		0		1		7	14		0	2	1534
1535		212	127		0		0		7	15		0	0	1535
1536		220	0		1		32		0	0		1	1	1536
1537		220	1		1		33		0	1		1	0	1537
1538		220	2		1		34		0	2		1	1	1538
1539		220	3		1		35		0	3		1	0	1539
1540		220	4		1		36		0	4		1	1	1540
1541		220	5		1		37		0	5		1	0	1541
1542		220	6		1		38		0	6		1	1	1542
1543		220	7		1		39		0	7		1	0	1543
1544		220	8		1		40		0	8		1	1	1544
1545		220	9		1		41		0	9		1	0	1545
1546		220	10		1		42		0	10		1	1	1546
1547		220	11		1		43		0	11		1	0	1547
1548		220	12		1		44		0	12		1	1	1548
1549		220	13		1		45		0	13		1	0	1549
1550		220	14		1		46		0	14		1	1	1550
1551		220	15		1		47		0	15		1	1	1551
1552		220	16		1		48		1	0		1	1	1552
1553		220	17		1		49		1	1		1	1	1553
1554		220	18		1		50		1	2		1	0	1554
1555		220	19		1		51		1	3		1	1	1555
1556		220	20		1		52		1	4		1	0	1556
1557		220	21		1		53		1	5		1	1	1557
1558		220	22		1		54		1	6		1	0	1558
1559		220	23		1		55		1	7		1	1	1559
1560		220	24		1		56		1	8		1	0	1560
1561		220	25		1		57		1	9		1	1	1561
1562		220	26		1		58		1	10		1	0	1562
1563		220	27		1		59		1	11		1	1	1563
1564		220	28		1		60		1	12		1	0	1564
1565		220	29		1		61		1	13		1	1	1565
1566		220	30		1		62		1	14		1	0	1566
1567		220	31		1		63		1	15		1	1	1567
1568		220	32		1		15		2	0		1	0	1568
1569		220	33		1		14		2	1		1	2	1569
1570		220	34		1		13		2	2		1	2	1570
1571		220	35		1		12		2	3		1	2	1571
1572		220	36		1		11		2	4		1	2	1572
1573		220	37		1		10		2	5		1	2	1573
1574		220	38		1		9		2	6		1	2	1574
1575		220	39		1		8		2	7		1	2	1575
1576		220	40		1		7		2	8		1	2	1576
1577		220	41		1		6		2	9		1	2	1577
1578		220	42		1		5		2	10		1	2	1578
1579		220	43		1		4		2	11		1	2	1579
1580		220	44		1		3		2	12		1	2	1580
1581		220	45		1		2		2	13		1	2	1581
1582		220	46		1		1		2	14		1	2	1582
1583		220	47		1		0		2	15		1	0	1583
1584		220	48		1		31		3	0		1	0	1584
1585		220	49		1		30		3	1		1	2	1585
1586		220	50		1		29		3	2		1	2	1586
1587		220	51		1		28		3	3		1	2	1587
1588		220	52		1		27		3	4		1	2	1588
1589		220	53		1		26		3	5		1	2	1589
1590		220	54		1		25		3	6		1	2	1590
1591		220	55		1		24		3	7		1	2	1591
1592		220	56		1		23		3	8		1	2	1592
1593		220	57		1		22		3	9		1	2	1593
1594		220	58		1		21		3	10		1	2	1594
1595		220	59		1		20		3	11		1	2	1595
1596		220	60		1		19		3	12		1	2	1596
1597		220	61		1		18		3	13		1	2	1597
1598		220	62		1		17		3	14		1	2	1598
1599		220	63		1		16		3	15		1	0	1599
1600		220	64		0		48		4	0		1	1	1600
1601		220	65		0		49		4	1		1	1	1601
1602		220	66		0		50		4	2		1	0	1602
1603		220	67		0		51		4	3		1	1	1603
1604		220	68		0		52		4	4		1	0	1604
1605		220	69		0		53		4	5		1	1	1605
1606		220	70		0		54		4	6		1	0	1606
1607		220	71		0		55		4	7		1	1	1607
1608		220	72		0		56		4	8		1	0	1608
1609		220	73		0		57		4	9		1	1	1609
1610		220	74		0		58		4	10		1	0	1610
1611		220	75		0		59		4	11		1	1	1611
1612		220	76		0		60		4	12		1	0	1612
1613		220	77		0		61		4	13		1	1	1613
1614		220	78		0		62		4	14		1	0	1614
1615		220	79		0		63		4	15		1	1	1615
1616		220	80		0		32		5	0		1	1	1616
1617		220	81		0		33		5	1		1	0	1617
1618		220	82		0		34		5	2		1	1	1618
1619		220	83		0		35		5	3		1	0	1619
1620		220	84		0		36		5	4		1	1	1620
1621		220	85		0		37		5	5		1	0	1621
1622		220	86		0		38		5	6		1	1	1622
1623		220	87		0		39		5	7		1	0	1623
1624		220	88		0		40		5	8		1	1	1624
1625		220	89		0		41		5	9		1	0	1625
1626		220	90		0		42		5	10		1	1	1626
1627		220	91		0		43		5	11		1	0	1627
1628		220	92		0		44		5	12		1	1	1628
1629		220	93		0		45		5	13		1	0	1629
1630		220	94		0		46		5	14		1	1	1630
1631		220	95		0		47		5	15		1	1	1631
1632		220	96		0		31		6	0		1	0	1632
1633		220	97		0		30		6	1		1	2	1633
1634		220	98		0		29		6	2		1	2	1634
1635		220	99		0		28		6	3		1	2	1635
1636		220	100		0		27		6	4		1	2	1636
1637		220	101		0		26		6	5		1	2	1637
1638		220	102		0		25		6	6		1	2	1638
1639		220	103		0		24		6	7		1	2	1639
1640		220	104		0		23		6	8		1	2	1640
1641		220	122		0		22		6	9		1	2	1641
1642		220	130		0		21		6	10		1	2	1642
1643		220	210		0		20		6	11		1	2	1643
1644		220	200		0		19		6	12		1	2	1644
1645		220	202		0		18		6	13		1	2	1645
1646		220	110		0		17		6	14		1	2	1646
1647		220	212		0		16		6	15		1	0	1647
1648		220	112		0		15		7	0		1	0	1648
1649		220	113		0		14		7	1		1	2	1649
1650		220	114		0		13		7	2		1	2	1650
1651		220	115		0		12		7	3		1	2	1651
1652		220	116		0		11		7	4		1	2	1652
1653		220	117		0		10		7	5		1	2	1653
1654		220	118		0		9		7	6		1	2	1654
1655		220	119		0		8		7	7		1	2	1655
1656		220	120		0		7		7	8		1	2	1656
1657		220	121		0		6		7	9		1	2	1657
1658		220	122		0		5		7	10		1	2	1658
1659		220	123		0		4		7	11		1	2	1659
1660		220	124		0		3		7	12		1	2	1660
1661		220	125		0		2		7	13		1	2	1661
1662		220	126		0		1		7	14		1	2	1662
1663		220	127		0		0		7	15		1	0	1663
1664		222	0		1		32		0	0		1	1	1664
1665		222	1		1		33		0	1		1	0	1665
1666		222	2		1		34		0	2		1	1	1666
1667		222	3		1		35		0	3		1	0	1667
1668		222	4		1		36		0	4		1	1	1668
1669		222	5		1		37		0	5		1	0	1669
1670		222	6		1		38		0	6		1	1	1670
1671		222	7		1		39		0	7		1	0	1671
1672		222	8		1		40		0	8		1	1	1672
1673		222	9		1		41		0	9		1	0	1673
1674		222	10		1		42		0	10		1	1	1674
1675		222	11		1		43		0	11		1	0	1675
1676		222	12		1		44		0	12		1	1	1676
1677		222	13		1		45		0	13		1	0	1677
1678		222	14		1		46		0	14		1	1	1678
1679		222	15		1		47		0	15		1	1	1679
1680		222	16		1		48		1	0		1	1	1680
1681		222	17		1		49		1	1		1	1	1681
1682		222	18		1		50		1	2		1	0	1682
1683		222	19		1		51		1	3		1	1	1683
1684		222	20		1		52		1	4		1	0	1684
1685		222	21		1		53		1	5		1	1	1685
1686		222	22		1		54		1	6		1	0	1686
1687		222	23		1		55		1	7		1	1	1687
1688		222	24		1		56		1	8		1	0	1688
1689		222	25		1		57		1	9		1	1	1689
1690		222	26		1		58		1	10		1	0	1690
1691		222	27		1		59		1	11		1	1	1691
1692		222	28		1		60		1	12		1	0	1692
1693		222	29		1		61		1	13		1	1	1693
1694		222	30		1		62		1	14		1	0	1694
1695		222	31		1		63		1	15		1	1	1695
1696		222	32		1		15		2	0		1	0	1696
1697		222	33		1		14		2	1		1	2	1697
1698		222	34		1		13		2	2		1	2	1698
1699		222	35		1		12		2	3		1	2	1699
1700		222	36		1		11		2	4		1	2	1700
1701		222	37		1		10		2	5		1	2	1701
1702		222	38		1		9		2	6		1	2	1702
1703		222	39		1		8		2	7		1	2	1703
1704		222	40		1		7		2	8		1	2	1704
1705		222	41		1		6		2	9		1	2	1705
1706		222	42		1		5		2	10		1	2	1706
1707		222	43		1		4		2	11		1	2	1707
1708		222	44		1		3		2	12		1	2	1708
1709		222	45		1		2		2	13		1	2	1709
1710		222	46		1		1		2	14		1	2	1710
1711		222	47		1		0		2	15		1	0	1711
1712		222	48		1		31		3	0		1	0	1712
1713		222	49		1		30		3	1		1	2	1713
1714		222	50		1		29		3	2		1	2	1714
1715		222	51		1		28		3	3		1	2	1715
1716		222	52		1		27		3	4		1	2	1716
1717		222	53		1		26		3	5		1	2	1717
1718		222	54		1		25		3	6		1	2	1718
1719		222	55		1		24		3	7		1	2	1719
1720		222	56		1		23		3	8		1	2	1720
1721		222	57		1		22		3	9		1	2	1721
1722		222	58		1		21		3	10		1	2	1722
1723		222	59		1		20		3	11		1	2	1723
1724		222	60		1		19		3	12		1	2	1724
1725		222	61		1		18		3	13		1	2	1725
1726		222	62		1		17		3	14		1	2	1726
1727		222	63		1		16		3	15		1	0	1727
1728		222	64		0		48		4	0		1	1	1728
1729		222	65		0		49		4	1		1	1	1729
1730		222	66		0		50		4	2		1	0	1730
1731		222	67		0		51		4	3		1	1	1731
1732		222	68		0		52		4	4		1	0	1732
1733		222	69		0		53		4	5		1	1	1733
1734		222	70		0		54		4	6		1	0	1734
1735		222	71		0		55		4	7		1	1	1735
1736		222	72		0		56		4	8		1	0	1736
1737		222	73		0		57		4	9		1	1	1737
1738		222	74		0		58		4	10		1	0	1738
1739		222	75		0		59		4	11		1	1	1739
1740		222	76		0		60		4	12		1	0	1740
1741		222	77		0		61		4	13		1	1	1741
1742		222	78		0		62		4	14		1	0	1742
1743		222	79		0		63		4	15		1	1	1743
1744		222	80		0		32		5	0		1	1	1744
1745		222	81		0		33		5	1		1	0	1745
1746		222	82		0		34		5	2		1	1	1746
1747		222	83		0		35		5	3		1	0	1747
1748		222	84		0		36		5	4		1	1	1748
1749		222	85		0		37		5	5		1	0	1749
1750		222	86		0		38		5	6		1	1	1750
1751		222	87		0		39		5	7		1	0	1751
1752		222	88		0		40		5	8		1	1	1752
1753		222	89		0		41		5	9		1	0	1753
1754		222	90		0		42		5	10		1	1	1754
1755		222	91		0		43		5	11		1	0	1755
1756		222	92		0		44		5	12		1	1	1756
1757		222	93		0		45		5	13		1	0	1757
1758		222	94		0		46		5	14		1	1	1758
1759		222	95		0		47		5	15		1	1	1759
1760		222	96		0		31		6	0		1	0	1760
1761		222	97		0		30		6	1		1	2	1761
1762		222	98		0		29		6	2		1	2	1762
1763		222	99		0		28		6	3		1	2	1763
1764		222	100		0		27		6	4		1	2	1764
1765		222	101		0		26		6	5		1	2	1765
1766		222	102		0		25		6	6		1	2	1766
1767		222	103		0		24		6	7		1	2	1767
1768		222	104		0		23		6	8		1	2	1768
1769		222	122		0		22		6	9		1	2	1769
1770		222	130		0		21		6	10		1	2	1770
1771		222	210		0		20		6	11		1	2	1771
1772		222	200		0		19		6	12		1	2	1772
1773		222	202		0		18		6	13		1	2	1773
1774		222	110		0		17		6	14		1	2	1774
1775		222	212		0		16		6	15		1	0	1775
1776		222	220		0		15		7	0		1	0	1776
1777		222	113		0		14		7	1		1	2	1777
1778		222	114		0		13		7	2		1	2	1778
1779		222	115		0		12		7	3		1	2	1779
1780		222	116		0		11		7	4		1	2	1780
1781		222	117		0		10		7	5		1	2	1781
1782		222	118		0		9		7	6		1	2	1782
1783		222	119		0		8		7	7		1	2	1783
1784		222	120		0		7		7	8		1	2	1784
1785		222	121		0		6		7	9		1	2	1785
1786		222	122		0		5		7	10		1	2	1786
1787		222	123		0		4		7	11		1	2	1787
1788		222	124		0		3		7	12		1	2	1788
1789		222	125		0		2		7	13		1	2	1789
1790		222	126		0		1		7	14		1	2	1790
1791		222	127		0		0		7	15		1	0	1791
1792		230	0		1		32		0	0		1	1	1792
1793		230	1		1		33		0	1		1	0	1793
1794		230	2		1		34		0	2		1	1	1794
1795		230	3		1		35		0	3		1	0	1795
1796		230	4		1		36		0	4		1	1	1796
1797		230	5		1		37		0	5		1	0	1797
1798		230	6		1		38		0	6		1	1	1798
1799		230	7		1		39		0	7		1	0	1799
1800		230	8		1		40		0	8		1	1	1800
1801		230	9		1		41		0	9		1	0	1801
1802		230	10		1		42		0	10		1	1	1802
1803		230	11		1		43		0	11		1	0	1803
1804		230	12		1		44		0	12		1	1	1804
1805		230	13		1		45		0	13		1	0	1805
1806		230	14		1		46		0	14		1	1	1806
1807		230	15		1		47		0	15		1	1	1807
1808		230	16		1		48		1	0		1	1	1808
1809		230	17		1		49		1	1		1	1	1809
1810		230	18		1		50		1	2		1	0	1810
1811		230	19		1		51		1	3		1	1	1811
1812		230	20		1		52		1	4		1	0	1812
1813		230	21		1		53		1	5		1	1	1813
1814		230	22		1		54		1	6		1	0	1814
1815		230	23		1		55		1	7		1	1	1815
1816		230	24		1		56		1	8		1	0	1816
1817		230	25		1		57		1	9		1	1	1817
1818		230	26		1		58		1	10		1	0	1818
1819		230	27		1		59		1	11		1	1	1819
1820		230	28		1		60		1	12		1	0	1820
1821		230	29		1		61		1	13		1	1	1821
1822		230	30		1		62		1	14		1	0	1822
1823		230	31		1		63		1	15		1	1	1823
1824		230	32		1		15		2	0		1	0	1824
1825		230	33		1		14		2	1		1	2	1825
1826		230	34		1		13		2	2		1	2	1826
1827		230	35		1		12		2	3		1	2	1827
1828		230	36		1		11		2	4		1	2	1828
1829		230	37		1		10		2	5		1	2	1829
1830		230	38		1		9		2	6		1	2	1830
1831		230	39		1		8		2	7		1	2	1831
1832		230	40		1		7		2	8		1	2	1832
1833		230	41		1		6		2	9		1	2	1833
1834		230	42		1		5		2	10		1	2	1834
1835		230	43		1		4		2	11		1	2	1835
1836		230	44		1		3		2	12		1	2	1836
1837		230	45		1		2		2	13		1	2	1837
1838		230	46		1		1		2	14		1	2	1838
1839		230	47		1		0		2	15		1	0	1839
1840		230	48		1		31		3	0		1	0	1840
1841		230	49		1		30		3	1		1	2	1841
1842		230	50		1		29		3	2		1	2	1842
1843		230	51		1		28		3	3		1	2	1843
1844		230	52		1		27		3	4		1	2	1844
1845		230	53		1		26		3	5		1	2	1845
1846		230	54		1		25		3	6		1	2	1846
1847		230	55		1		24		3	7		1	2	1847
1848		230	56		1		23		3	8		1	2	1848
1849		230	57		1		22		3	9		1	2	1849
1850		230	58		1		21		3	10		1	2	1850
1851		230	59		1		20		3	11		1	2	1851
1852		230	60		1		19		3	12		1	2	1852
1853		230	61		1		18		3	13		1	2	1853
1854		230	62		1		17		3	14		1	2	1854
1855		230	63		1		16		3	15		1	0	1855
1856		230	64		0		48		4	0		1	1	1856
1857		230	65		0		49		4	1		1	1	1857
1858		230	66		0		50		4	2		1	0	1858
1859		230	67		0		51		4	3		1	1	1859
1860		230	68		0		52		4	4		1	0	1860
1861		230	69		0		53		4	5		1	1	1861
1862		230	70		0		54		4	6		1	0	1862
1863		230	71		0		55		4	7		1	1	1863
1864		230	72		0		56		4	8		1	0	1864
1865		230	73		0		57		4	9		1	1	1865
1866		230	74		0		58		4	10		1	0	1866
1867		230	75		0		59		4	11		1	1	1867
1868		230	76		0		60		4	12		1	0	1868
1869		230	77		0		61		4	13		1	1	1869
1870		230	78		0		62		4	14		1	0	1870
1871		230	79		0		63		4	15		1	1	1871
1872		230	80		0		32		5	0		1	1	1872
1873		230	81		0		33		5	1		1	0	1873
1874		230	82		0		34		5	2		1	1	1874
1875		230	83		0		35		5	3		1	0	1875
1876		230	84		0		36		5	4		1	1	1876
1877		230	85		0		37		5	5		1	0	1877
1878		230	86		0		38		5	6		1	1	1878
1879		230	87		0		39		5	7		1	0	1879
1880		230	88		0		40		5	8		1	1	1880
1881		230	89		0		41		5	9		1	0	1881
1882		230	90		0		42		5	10		1	1	1882
1883		230	91		0		43		5	11		1	0	1883
1884		230	92		0		44		5	12		1	1	1884
1885		230	93		0		45		5	13		1	0	1885
1886		230	94		0		46		5	14		1	1	1886
1887		230	95		0		47		5	15		1	1	1887
1888		230	96		0		31		6	0		1	0	1888
1889		230	97		0		30		6	1		1	2	1889
1890		230	98		0		29		6	2		1	2	1890
1891		230	99		0		28		6	3		1	2	1891
1892		230	100		0		27		6	4		1	2	1892
1893		230	101		0		26		6	5		1	2	1893
1894		230	102		0		25		6	6		1	2	1894
1895		230	103		0		24		6	7		1	2	1895
1896		230	104		0		23		6	8		1	2	1896
1897		230	122		0		22		6	9		1	2	1897
1898		230	130		0		21		6	10		1	2	1898
1899		230	210		0		20		6	11		1	2	1899
1900		230	200		0		19		6	12		1	2	1900
1901		230	202		0		18		6	13		1	2	1901
1902		230	110		0		17		6	14		1	2	1902
1903		230	212		0		16		6	15		1	0	1903
1904		230	220		0		15		7	0		1	0	1904
1905		230	222		0		14		7	1		1	2	1905
1906		230	114		0		13		7	2		1	2	1906
1907		230	115		0		12		7	3		1	2	1907
1908		230	116		0		11		7	4		1	2	1908
1909		230	117		0		10		7	5		1	2	1909
1910		230	118		0		9		7	6		1	2	1910
1911		230	119		0		8		7	7		1	2	1911
1912		230	120		0		7		7	8		1	2	1912
1913		230	121		0		6		7	9		1	2	1913
1914		230	122		0		5		7	10		1	2	1914
1915		230	123		0		4		7	11		1	2	1915
1916		230	124		0		3		7	12		1	2	1916
1917		230	125		0		2		7	13		1	2	1917
1918		230	126		0		1		7	14		1	2	1918
1919		230	127		0		0		7	15		1	0	1919
1920		232	0		1		32		0	0		1	1	1920
1921		232	1		1		33		0	1		1	0	1921
1922		232	2		1		34		0	2		1	1	1922
1923		232	3		1		35		0	3		1	0	1923
1924		232	4		1		36		0	4		1	1	1924
1925		232	5		1		37		0	5		1	0	1925
1926		232	6		1		38		0	6		1	1	1926
1927		232	7		1		39		0	7		1	0	1927
1928		232	8		1		40		0	8		1	1	1928
1929		232	9		1		41		0	9		1	0	1929
1930		232	10		1		42		0	10		1	1	1930
1931		232	11		1		43		0	11		1	0	1931
1932		232	12		1		44		0	12		1	1	1932
1933		232	13		1		45		0	13		1	0	1933
1934		232	14		1		46		0	14		1	1	1934
1935		232	15		1		47		0	15		1	1	1935
1936		232	16		1		48		1	0		1	1	1936
1937		232	17		1		49		1	1		1	1	1937
1938		232	18		1		50		1	2		1	0	1938
1939		232	19		1		51		1	3		1	1	1939
1940		232	20		1		52		1	4		1	0	1940
1941		232	21		1		53		1	5		1	1	1941
1942		232	22		1		54		1	6		1	0	1942
1943		232	23		1		55		1	7		1	1	1943
1944		232	24		1		56		1	8		1	0	1944
1945		232	25		1		57		1	9		1	1	1945
1946		232	26		1		58		1	10		1	0	1946
1947		232	27		1		59		1	11		1	1	1947
1948		232	28		1		60		1	12		1	0	1948
1949		232	29		1		61		1	13		1	1	1949
1950		232	30		1		62		1	14		1	0	1950
1951		232	31		1		63		1	15		1	1	1951
1952		232	32		1		15		2	0		1	0	1952
1953		232	33		1		14		2	1		1	2	1953
1954		232	34		1		13		2	2		1	2	1954
1955		232	35		1		12		2	3		1	2	1955
1956		232	36		1		11		2	4		1	2	1956
1957		232	37		1		10		2	5		1	2	1957
1958		232	38		1		9		2	6		1	2	1958
1959		232	39		1		8		2	7		1	2	1959
1960		232	40		1		7		2	8		1	2	1960
1961		232	41		1		6		2	9		1	2	1961
1962		232	42		1		5		2	10		1	2	1962
1963		232	43		1		4		2	11		1	2	1963
1964		232	44		1		3		2	12		1	2	1964
1965		232	45		1		2		2	13		1	2	1965
1966		232	46		1		1		2	14		1	2	1966
1967		232	47		1		0		2	15		1	0	1967
1968		232	48		1		31		3	0		1	0	1968
1969		232	49		1		30		3	1		1	2	1969
1970		232	50		1		29		3	2		1	2	1970
1971		232	51		1		28		3	3		1	2	1971
1972		232	52		1		27		3	4		1	2	1972
1973		232	53		1		26		3	5		1	2	1973
1974		232	54		1		25		3	6		1	2	1974
1975		232	55		1		24		3	7		1	2	1975
1976		232	56		1		23		3	8		1	2	1976
1977		232	57		1		22		3	9		1	2	1977
1978		232	58		1		21		3	10		1	2	1978
1979		232	59		1		20		3	11		1	2	1979
1980		232	60		1		19		3	12		1	2	1980
1981		232	61		1		18		3	13		1	2	1981
1982		232	62		1		17		3	14		1	2	1982
1983		232	63		1		16		3	15		1	0	1983
1984		232	64		0		48		4	0		1	1	1984
1985		232	65		0		49		4	1		1	1	1985
1986		232	66		0		50		4	2		1	0	1986
1987		232	67		0		51		4	3		1	1	1987
1988		232	68		0		52		4	4		1	0	1988
1989		232	69		0		53		4	5		1	1	1989
1990		232	70		0		54		4	6		1	0	1990
1991		232	71		0		55		4	7		1	1	1991
1992		232	72		0		56		4	8		1	0	1992
1993		232	73		0		57		4	9		1	1	1993
1994		232	74		0		58		4	10		1	0	1994
1995		232	75		0		59		4	11		1	1	1995
1996		232	76		0		60		4	12		1	0	1996
1997		232	77		0		61		4	13		1	1	1997
1998		232	78		0		62		4	14		1	0	1998
1999		232	79		0		63		4	15		1	1	1999
2000		232	80		0		32		5	0		1	1	2000
2001		232	81		0		33		5	1		1	0	2001
2002		232	82		0		34		5	2		1	1	2002
2003		232	83		0		35		5	3		1	0	2003
2004		232	84		0		36		5	4		1	1	2004
2005		232	85		0		37		5	5		1	0	2005
2006		232	86		0		38		5	6		1	1	2006
2007		232	87		0		39		5	7		1	0	2007
2008		232	88		0		40		5	8		1	1	2008
2009		232	89		0		41		5	9		1	0	2009
2010		232	90		0		42		5	10		1	1	2010
2011		232	91		0		43		5	11		1	0	2011
2012		232	92		0		44		5	12		1	1	2012
2013		232	93		0		45		5	13		1	0	2013
2014		232	94		0		46		5	14		1	1	2014
2015		232	95		0		47		5	15		1	1	2015
2016		232	96		0		31		6	0		1	0	2016
2017		232	97		0		30		6	1		1	2	2017
2018		232	98		0		29		6	2		1	2	2018
2019		232	99		0		28		6	3		1	2	2019
2020		232	100		0		27		6	4		1	2	2020
2021		232	101		0		26		6	5		1	2	2021
2022		232	102		0		25		6	6		1	2	2022
2023		232	103		0		24		6	7		1	2	2023
2024		232	104		0		23		6	8		1	2	2024
2025		232	122		0		22		6	9		1	2	2025
2026		232	130		0		21		6	10		1	2	2026
2027		232	210		0		20		6	11		1	2	2027
2028		232	200		0		19		6	12		1	2	2028
2029		232	202		0		18		6	13		1	2	2029
2030		232	110		0		17		6	14		1	2	2030
2031		232	212		0		16		6	15		1	0	2031
2032		232	220		0		15		7	0		1	0	2032
2033		232	222		0		14		7	1		1	2	2033
2034		232	230		0		13		7	2		1	2	2034
2035		232	115		0		12		7	3		1	2	2035
2036		232	116		0		11		7	4		1	2	2036
2037		232	117		0		10		7	5		1	2	2037
2038		232	118		0		9		7	6		1	2	2038
2039		232	119		0		8		7	7		1	2	2039
2040		232	120		0		7		7	8		1	2	2040
2041		232	121		0		6		7	9		1	2	2041
2042		232	122		0		5		7	10		1	2	2042
2043		232	123		0		4		7	11		1	2	2043
2044		232	124		0		3		7	12		1	2	2044
2045		232	125		0		2		7	13		1	2	2045
2046		232	126		0		1		7	14		1	2	2046
2047		232	127		0		0		7	15		1	0	2047
